2014SC,999,,Menno Simonszplein,Haarlem
2011WT,3,,Lange Bogaardstraat,Haarlem
2034BG,79,,Oostenrijklaan,Haarlem
2011RB,4,,Barteljorisstraat,Haarlem
2012GB,31,,Noorder Emmakade,Haarlem
2021EP,7,,Berckheydestraat,Haarlem
2012ZL,49,,Ben Neijndorffplein,Haarlem
2012AV,49,,Ben Neijndorffplein,Haarlem
2021ER,35,,Berckheydestraat,Haarlem
2011JW,8,10,Bakenessergracht,Haarlem
2014SC,37,,Menno Simonszplein,Haarlem
2014SC,41,,Menno Simonszplein,Haarlem
2014SC,42,,Menno Simonszplein,Haarlem
2014RW,67,A,Theemsstraat,Haarlem
2021XH,16,,Generaal De Wetstraat,Haarlem
2033DG,222,,Zomervaart,Haarlem
2033ZZ,47,53,Beppie Nooijstraat,Haarlem
2023RK,162,,Marnixstraat,Haarlem
2021HN,48,,Schoterweg,Haarlem
2024AX,2,,A.W.F. Idenburglaan,Haarlem
2032LL,18,,Teding van Berkhoutstraat,Haarlem
2011TC,31,,Koningstraat,Haarlem
2013CH,46,,Gaelstraat,Haarlem
2037ST,1,,Majoor Bosshardtplantsoen,Haarlem
3037ST,3,,Majoor Bosshardtplantsoen,Haarlem
2027ST,3,,Majoor Bosshardtplantsoen,Haarlem
2037ST,3,,Majoor Bosshardtplantsoen,Haarlem
2037ST,5,,Majoor Bosshardtplantsoen,Haarlem
2037ST,7,,Majoor Bosshardtplantsoen,Haarlem
2037ST,9,,Majoor Bosshardtplantsoen,Haarlem
2037ST,11,,Majoor Bosshardtplantsoen,Haarlem
2037ST,13,,Majoor Bosshardtplantsoen,Haarlem
2037ST,15,,Majoor Bosshardtplantsoen,Haarlem
2037ST,17,,Majoor Bosshardtplantsoen,Haarlem
2037ST,19,,Majoor Bosshardtplantsoen,Haarlem
2037SV,1,,Dr.Lafeberstraat,Haarlem
2037SV,3,,Dr.Lafeberstraat,Haarlem
2037SV,5,,Dr.Lafeberstraat,Haarlem
2037SV,7,,Dr.Lafeberstraat,Haarlem
2037SV,9,,Dr.Lafeberstraat,Haarlem
2037SW,2,,Archimedeskade,Haarlem
2037SW,4,,Archimedeskade,Haarlem
2037SW,6,,Archimedeskade,Haarlem
2037SW,8,,Archimedeskade,Haarlem
2037SW,10,,Archimedeskade,Haarlem
2037SW,12,,Archimedeskade,Haarlem
2037SW,14,,Archimedeskade,Haarlem
2037SW,16,,Archimedeskade,Haarlem
2011VB,11,RD1,Zijlvest,Haarlem
2011VB,11,RD2,Zijlvest,Haarlem
2014HP,468,,Leidsevaart,Haarlem
2012XH,8,RD1,De Keijstraat,Haarlem
2012XH,8,RD2,De Keijstraat,Haarlem
2021HN,50,,Schoterweg,Haarlem
2011RD,37,,Raamvest,Haarlem
2011ZJ,37,,Raamvest,Haarlem
2031BX,5,,Industrieweg,Haarlem
2024BT,5,,Pim Mulierlaan,Haarlem
2024BT,7,,Pim Mulierlaan,Haarlem
2024BT,9,,Pim Mulierlaan,Haarlem
2024BT,11,,Pim Mulierlaan,Haarlem
2024BT,13,,Pim Mulierlaan,Haarlem
2024BT,15,,Pim Mulierlaan,Haarlem
2024BT,17,,Pim Mulierlaan,Haarlem
2024BT,19,,Pim Mulierlaan,Haarlem
2024BT,21,,Pim Mulierlaan,Haarlem
2024BT,23,,Pim Mulierlaan,Haarlem
2024BT,25,,Pim Mulierlaan,Haarlem
2024BT,27,,Pim Mulierlaan,Haarlem
2024BT,29,,Pim Mulierlaan,Haarlem
2024BT,31,,Pim Mulierlaan,Haarlem
2024BT,33,,Pim Mulierlaan,Haarlem
2024BT,35,,Pim Mulierlaan,Haarlem
2024BT,37,,Pim Mulierlaan,Haarlem
2024BT,39,,Pim Mulierlaan,Haarlem
2024BT,41,,Pim Mulierlaan,Haarlem
2024BT,43,,Pim Mulierlaan,Haarlem
2024BT,45,,Pim Mulierlaan,Haarlem
2024BT,47,,Pim Mulierlaan,Haarlem
2024BT,49,,Pim Mulierlaan,Haarlem
2024BT,51,,Pim Mulierlaan,Haarlem
2024BT,53,,Pim Mulierlaan,Haarlem
2024BT,55,,Pim Mulierlaan,Haarlem
2024BT,57,,Pim Mulierlaan,Haarlem
2024BT,59,,Pim Mulierlaan,Haarlem
2024BT,61,,Pim Mulierlaan,Haarlem
2024BT,63,,Pim Mulierlaan,Haarlem
2024BT,65,,Pim Mulierlaan,Haarlem
2024BT,67,,Pim Mulierlaan,Haarlem
2024BT,69,,Pim Mulierlaan,Haarlem
2024BT,71,,Pim Mulierlaan,Haarlem
2024BT,73,,Pim Mulierlaan,Haarlem
2024BT,75,,Pim Mulierlaan,Haarlem
2024BT,77,,Pim Mulierlaan,Haarlem
2024BT,79,,Pim Mulierlaan,Haarlem
2024BT,81,,Pim Mulierlaan,Haarlem
2024BT,83,,Pim Mulierlaan,Haarlem
2024BT,85,,Pim Mulierlaan,Haarlem
2024BT,87,,Pim Mulierlaan,Haarlem
2024BT,89,,Pim Mulierlaan,Haarlem
2024BT,91,,Pim Mulierlaan,Haarlem
2024BT,93,,Pim Mulierlaan,Haarlem
2024BT,95,,Pim Mulierlaan,Haarlem
2024BT,97,,Pim Mulierlaan,Haarlem
2024BT,99,,Pim Mulierlaan,Haarlem
2024BT,101,,Pim Mulierlaan,Haarlem
2024BT,103,,Pim Mulierlaan,Haarlem
2024BT,105,,Pim Mulierlaan,Haarlem
2024BT,107,,Pim Mulierlaan,Haarlem
2024BT,109,,Pim Mulierlaan,Haarlem
2024BT,111,,Pim Mulierlaan,Haarlem
2024BT,113,,Pim Mulierlaan,Haarlem
2024BT,115,,Pim Mulierlaan,Haarlem
2024BT,117,,Pim Mulierlaan,Haarlem
2024BT,119,,Pim Mulierlaan,Haarlem
2024BT,121,,Pim Mulierlaan,Haarlem
2021ZM,23,,Saenredamstraat,Haarlem
2024JL,8,,Plesmanplein,Haarlem
2011DW,39,,Essenstraat,Haarlem
2031CC,109,1,Oudeweg,Haarlem
2031CC,109,2,Oudeweg,Haarlem
2032WC,165,,Zomerkade,Haarlem
2014SC,1,,Menno Simonszplein,Haarlem
2035TN,1,,Meyboompad,Haarlem
2035TN,3,,Meyboompad,Haarlem
2035TN,5,,Meyboompad,Haarlem
2035TN,7,,Meyboompad,Haarlem
2035TN,9,,Meyboompad,Haarlem
2035TN,11,,Meyboompad,Haarlem
2035TN,13,,Meyboompad,Haarlem
2035TN,15,,Meyboompad,Haarlem
2035TN,17,,Meyboompad,Haarlem
2035TN,19,,Meyboompad,Haarlem
2035TN,21,,Meyboompad,Haarlem
2035TN,23,,Meyboompad,Haarlem
2035TM,3,,Einthovenpad,Haarlem
2035TM,5,,Einthovenpad,Haarlem
2035TM,7,,Einthovenpad,Haarlem
2035TM,9,,Einthovenpad,Haarlem
2035TM,11,,Einthovenpad,Haarlem
2035TM,13,,Einthovenpad,Haarlem
2035TM,15,,Einthovenpad,Haarlem
2035TM,17,,Einthovenpad,Haarlem
2035TM,19,,Einthovenpad,Haarlem
2035TM,21,,Einthovenpad,Haarlem
2035TM,23,,Einthovenpad,Haarlem
2035VE,1,,Ekamastraat,Haarlem
2035VE,3,,Ekamastraat,Haarlem
2011RG,8,,Smedestraat,Haarlem
2011RG,12,,Smedestraat,Haarlem
2011RG,14,,Smedestraat,Haarlem
2035TM,1,,Einthovenpad,Haarlem
2035RT,232,,Louis Pasteurstraat,Haarlem
2035TP,1,,Reynvaanpad,Haarlem
2035TP,3,,Reynvaanpad,Haarlem
2035TP,5,,Reynvaanpad,Haarlem
2035TP,7,,Reynvaanpad,Haarlem
2035TP,9,,Reynvaanpad,Haarlem
2035TP,11,,Reynvaanpad,Haarlem
2035TP,13,,Reynvaanpad,Haarlem
2035TP,15,,Reynvaanpad,Haarlem
2035TP,17,,Reynvaanpad,Haarlem
2035TP,19,,Reynvaanpad,Haarlem
2035TP,21,,Reynvaanpad,Haarlem
2035TP,23,,Reynvaanpad,Haarlem
2013ZN,111,,Westergracht,Haarlem
2011CD,19,,Spaarne,Haarlem
2013CG,61,,Gaelstraat,Haarlem
2012NA,3,,Wagenweg,Haarlem
2033ED,24,ZW,Cornelis van Noordestraat,Haarlem
2033ED,24,RD,Cornelis van Noordestraat,Haarlem
2033SN,13,,Martin Monnickendamstraat,Haarlem
2033SN,15,,Martin Monnickendamstraat,Haarlem
2033SN,17,,Martin Monnickendamstraat,Haarlem
2033SN,19,,Martin Monnickendamstraat,Haarlem
2033SN,21,,Martin Monnickendamstraat,Haarlem
2033SN,23,,Martin Monnickendamstraat,Haarlem
2033SN,25,,Martin Monnickendamstraat,Haarlem
2033SN,27,,Martin Monnickendamstraat,Haarlem
2033SN,29,,Martin Monnickendamstraat,Haarlem
2033SN,31,,Martin Monnickendamstraat,Haarlem
2033VM,14,,Theo van Doesburgplantsoen,Haarlem
2033VM,16,,Theo van Doesburgplantsoen,Haarlem
2033VM,18,,Theo van Doesburgplantsoen,Haarlem
2033VM,20,,Theo van Doesburgplantsoen,Haarlem
2033SN,1,,Martin Monnickendamstraat,Haarlem
2033SN,3,,Martin Monnickendamstraat,Haarlem
2033SN,5,,Martin Monnickendamstraat,Haarlem
2033SN,7,,Martin Monnickendamstraat,Haarlem
2033SN,9,,Martin Monnickendamstraat,Haarlem
2033VM,15,,Theo van Doesburgplantsoen,Haarlem
2033VM,17,,Theo van Doesburgplantsoen,Haarlem
2033VM,19,,Theo van Doesburgplantsoen,Haarlem
2033VM,21,,Theo van Doesburgplantsoen,Haarlem
2033VM,23,,Theo van Doesburgplantsoen,Haarlem
2033VM,25,,Theo van Doesburgplantsoen,Haarlem
2033SN,11,,Martin Monnickendamstraat,Haarlem
2033VL,6,,Louis Hartzstraat,Haarlem
2033VL,8,,Louis Hartzstraat,Haarlem
2033VL,10,,Louis Hartzstraat,Haarlem
2033VL,12,,Louis Hartzstraat,Haarlem
2033VL,14,,Louis Hartzstraat,Haarlem
2033VL,16,,Louis Hartzstraat,Haarlem
2033VL,18,,Louis Hartzstraat,Haarlem
2033VL,20,,Louis Hartzstraat,Haarlem
2033VL,22,,Louis Hartzstraat,Haarlem
2033VL,24,,Louis Hartzstraat,Haarlem
2033VL,2,,Louis Hartzstraat,Haarlem
2023CE,4,A,Kleverparkweg,Haarlem
2012XH,4,RD1,De Keijstraat,Haarlem
2012XH,4,RD2,De Keijstraat,Haarlem
2021ZL,52,,Maerten van Heemskerckstraat,Haarlem
2012XC,14,,Kamperstraat,Haarlem
2025EP,351,,Dijkzichtlaan,Haarlem
2021EK,10,,Frans Halsstraat,Haarlem
2011TR,70,74,Zijlstraat,Haarlem
2011TX,1,,Nobelstraat,Haarlem
2021RL,4,,Transvaalstraat,Haarlem
2021KA,120,1,Spaarndamseweg,Haarlem
2021KA,120,10,Spaarndamseweg,Haarlem
2021KA,120,11,Spaarndamseweg,Haarlem
2021KA,120,12,Spaarndamseweg,Haarlem
2021KA,120,14,Spaarndamseweg,Haarlem
2021KA,120,15,Spaarndamseweg,Haarlem
2021KA,120,16,Spaarndamseweg,Haarlem
2021KA,120,17,Spaarndamseweg,Haarlem
2021KA,120,18,Spaarndamseweg,Haarlem
2021KA,120,19,Spaarndamseweg,Haarlem
2021KA,120,2,Spaarndamseweg,Haarlem
2021KA,120,21,Spaarndamseweg,Haarlem
2021KA,120,22,Spaarndamseweg,Haarlem
2021KA,120,23,Spaarndamseweg,Haarlem
2021KA,120,3,Spaarndamseweg,Haarlem
2021KA,120,4,Spaarndamseweg,Haarlem
2021KA,120,5,Spaarndamseweg,Haarlem
2021KA,120,6,Spaarndamseweg,Haarlem
2021KA,120,7,Spaarndamseweg,Haarlem
2021KA,120,8,Spaarndamseweg,Haarlem
2021EP,1,,Berckheydestraat,Haarlem
2011WP,18,,Barrevoetestraat,Haarlem
2012ZR,6,,Voorhelmstraat,Haarlem
2011TX,19,1,Nobelstraat,Haarlem
2011TX,19,2,Nobelstraat,Haarlem
2011TX,19,3,Nobelstraat,Haarlem
2011TX,19,4,Nobelstraat,Haarlem
2011TX,19,5,Nobelstraat,Haarlem
2011TX,19,6,Nobelstraat,Haarlem
2011TX,19,7,Nobelstraat,Haarlem
2011TX,19,8,Nobelstraat,Haarlem
2011TX,19,9,Nobelstraat,Haarlem
2011TX,19,10,Nobelstraat,Haarlem
2011TX,19,11,Nobelstraat,Haarlem
2011TX,19,12,Nobelstraat,Haarlem
2011TX,19,13,Nobelstraat,Haarlem
2011TX,19,14,Nobelstraat,Haarlem
2011TX,19,15,Nobelstraat,Haarlem
2011TX,19,16,Nobelstraat,Haarlem
2011TX,19,17,Nobelstraat,Haarlem
2011TX,19,18,Nobelstraat,Haarlem
2011TX,19,19,Nobelstraat,Haarlem
2011TX,19,20,Nobelstraat,Haarlem
2011TX,19,21,Nobelstraat,Haarlem
2011TX,19,22,Nobelstraat,Haarlem
2011TX,19,23,Nobelstraat,Haarlem
2011TX,19,24,Nobelstraat,Haarlem
2011TX,19,25,Nobelstraat,Haarlem
2011BV,82,84,Lange Herenvest,Haarlem
2011BG,94,,Burgwal,Haarlem
2011BD,16,,Burgwal,Haarlem
2021ZR,6,,Saenredamstraat,Haarlem
2011GE,40,44,Gierstraat,Haarlem
2014BK,100,,Trompstraat,Haarlem
2014BK,98,,Trompstraat,Haarlem
2011AV,19,,Papentorenvest,Haarlem
2023DS,11,,Brakenburghstraat,Haarlem
2011LK,27,,Lange Herenstraat,Haarlem
2011LK,29,,Lange Herenstraat,Haarlem
2011LK,32,,Lange Herenstraat,Haarlem
2011LK,41,,Lange Herenstraat,Haarlem
2011LK,43,,Lange Herenstraat,Haarlem
2011LK,45,,Lange Herenstraat,Haarlem
2011LK,47,,Lange Herenstraat,Haarlem
2011HR,26,,Warmoesstraat,Haarlem
2021HT,144,,Schoterweg,Haarlem
2035LL,2,,Vlaslandstraat,Haarlem
2035LL,4,,Vlaslandstraat,Haarlem
2035LL,6,,Vlaslandstraat,Haarlem
2035LL,8,,Vlaslandstraat,Haarlem
2035LL,10,,Vlaslandstraat,Haarlem
2035LL,12,,Vlaslandstraat,Haarlem
2024DD,139,,Rijksstraatweg,Haarlem
2024DD,143,,Rijksstraatweg,Haarlem
2022AB,48,,Julianapark,Haarlem
2034JC,156,,Noord Schalkwijkerweg,Haarlem
2011VB,13,,Zijlvest,Haarlem
2031WJ,83,,Harmenjansweg,Haarlem
2031WJ,89,,Harmenjansweg,Haarlem
2031WM,1,,Windasstraat,Haarlem
2031WM,3,,Windasstraat,Haarlem
2031WM,7,,Windasstraat,Haarlem
2031WM,9,,Windasstraat,Haarlem
2031WS,49,,Kelderwindkade,Haarlem
2031WS,111,,Kelderwindkade,Haarlem
2031WJ,87,,Harmenjansweg,Haarlem
2031WS,51,,Kelderwindkade,Haarlem
2031WS,53,,Kelderwindkade,Haarlem
2031WS,55,,Kelderwindkade,Haarlem
2031WS,57,,Kelderwindkade,Haarlem
2031WS,59,,Kelderwindkade,Haarlem
2031WS,61,,Kelderwindkade,Haarlem
2031WS,63,,Kelderwindkade,Haarlem
2031WS,65,,Kelderwindkade,Haarlem
2031WS,67,,Kelderwindkade,Haarlem
2031WS,69,,Kelderwindkade,Haarlem
2031WS,71,,Kelderwindkade,Haarlem
2031WS,73,,Kelderwindkade,Haarlem
2031WS,75,,Kelderwindkade,Haarlem
2031WS,77,,Kelderwindkade,Haarlem
2031WS,79,,Kelderwindkade,Haarlem
2031WS,81,,Kelderwindkade,Haarlem
2031WS,83,,Kelderwindkade,Haarlem
2031WS,85,,Kelderwindkade,Haarlem
2031WS,87,,Kelderwindkade,Haarlem
2031WS,89,,Kelderwindkade,Haarlem
2031WS,91,,Kelderwindkade,Haarlem
2031WS,93,,Kelderwindkade,Haarlem
2031WS,95,,Kelderwindkade,Haarlem
2031WS,97,,Kelderwindkade,Haarlem
2031WS,99,,Kelderwindkade,Haarlem
2031WS,101,,Kelderwindkade,Haarlem
2031WS,103,,Kelderwindkade,Haarlem
2031WS,105,,Kelderwindkade,Haarlem
2031WS,107,,Kelderwindkade,Haarlem
2031WS,109,,Kelderwindkade,Haarlem
2011BL,3,,Leliestraat,Haarlem
2011HT,19,,Frankestraat,Haarlem
2013BA,3,,Coltermanstraat,Haarlem
2011JM,28,,'t Krom,Haarlem
2011NR,47,1,Kinderhuisvest,Haarlem
2011NR,47,2,Kinderhuisvest,Haarlem
2035LD,10,,Kadijklaan,Haarlem
2035LD,12,,Kadijklaan,Haarlem
2035LD,14,,Kadijklaan,Haarlem
2035LD,16,,Kadijklaan,Haarlem
2035LD,18,,Kadijklaan,Haarlem
2035LD,20,,Kadijklaan,Haarlem
2035LD,22,,Kadijklaan,Haarlem
2035LD,24,,Kadijklaan,Haarlem
2035LD,26,,Kadijklaan,Haarlem
2035LD,28,,Kadijklaan,Haarlem
2035LD,30,,Kadijklaan,Haarlem
2035LD,32,,Kadijklaan,Haarlem
2035LD,34,,Kadijklaan,Haarlem
2035LD,36,,Kadijklaan,Haarlem
2035LD,38,,Kadijklaan,Haarlem
2035LD,40,,Kadijklaan,Haarlem
2035LD,42,,Kadijklaan,Haarlem
2035LD,44,,Kadijklaan,Haarlem
2035LD,46,,Kadijklaan,Haarlem
2035LD,48,,Kadijklaan,Haarlem
2035LD,50,,Kadijklaan,Haarlem
2035LD,52,,Kadijklaan,Haarlem
2035LD,54,,Kadijklaan,Haarlem
2035LD,56,,Kadijklaan,Haarlem
2035LD,58,,Kadijklaan,Haarlem
2035LD,60,,Kadijklaan,Haarlem
2035LD,62,,Kadijklaan,Haarlem
2011GC,89,,Gierstraat,Haarlem
2022EB,486,,Spaarndamseweg,Haarlem
2031CR,9,,Izaäk Enschedéweg,Haarlem
2011VN,48,,Wilhelminastraat,Haarlem
2012XE,16,,Schneevoogtstraat,Haarlem
2021BE,60,,Colensostraat,Haarlem
2013GL,51,,Brouwerskade,Haarlem
2021KA,120,13,Spaarndamseweg,Haarlem
2031BN,33,1,Waarderweg,Haarlem
2031BN,33,2,Waarderweg,Haarlem
2031BN,33,3,Waarderweg,Haarlem
2031BN,33,4,Waarderweg,Haarlem
2031BN,33,5,Waarderweg,Haarlem
2031BN,33,6,Waarderweg,Haarlem
2031BN,33,7,Waarderweg,Haarlem
2031BN,33,8,Waarderweg,Haarlem
2031BN,33,9,Waarderweg,Haarlem
2031BN,33,10,Waarderweg,Haarlem
2031BN,33,11,Waarderweg,Haarlem
2031BN,33,12,Waarderweg,Haarlem
2033NH,57,,Godfried van Bouillonstraat,Haarlem
2012BD,22,,Esschilderstraat,Haarlem
2023CE,14,,Kleverparkweg,Haarlem
2013TB,171,,Gasthuislaan,Haarlem
2011GA,35,,Gierstraat,Haarlem
2021ZS,24,,Saenredamstraat,Haarlem
2021DL,6,,Frans Halsplein,Haarlem
2013ZD,41,,Klarenbeekstraat,Haarlem
2013ZH,54,,Klarenbeekstraat,Haarlem
2011PH,5,,Nassaustraat,Haarlem
2011VR,37,,Oude Zijlvest,Haarlem
2023XN,10,1,Tetterodestraat,Haarlem
2023XN,10,2,Tetterodestraat,Haarlem
2065AL,1,,Dorpsplein,Haarlemmerliede
2065AL,2,,Dorpsplein,Haarlemmerliede
2065AL,3,,Dorpsplein,Haarlemmerliede
2065AL,4,,Dorpsplein,Haarlemmerliede
2065AL,5,,Dorpsplein,Haarlemmerliede
2065AL,6,,Dorpsplein,Haarlemmerliede
2065AL,7,,Dorpsplein,Haarlemmerliede
2065AL,8,,Dorpsplein,Haarlemmerliede
2065AL,9,,Dorpsplein,Haarlemmerliede
2065AL,10,,Dorpsplein,Haarlemmerliede
2065AL,11,,Dorpsplein,Haarlemmerliede
2065AR,1,,Franciscanessenstraat,Haarlemmerliede
2065AR,2,,Franciscanessenstraat,Haarlemmerliede
2065AR,3,,Franciscanessenstraat,Haarlemmerliede
2065AR,4,,Franciscanessenstraat,Haarlemmerliede
2065AR,5,,Franciscanessenstraat,Haarlemmerliede
2065AR,6,,Franciscanessenstraat,Haarlemmerliede
2065AR,7,,Franciscanessenstraat,Haarlemmerliede
2065AR,8,,Franciscanessenstraat,Haarlemmerliede
2065AR,9,,Franciscanessenstraat,Haarlemmerliede
2065AR,10,,Franciscanessenstraat,Haarlemmerliede
2065AR,11,,Franciscanessenstraat,Haarlemmerliede
2065AR,12,,Franciscanessenstraat,Haarlemmerliede
2065AR,13,,Franciscanessenstraat,Haarlemmerliede
2065AR,14,,Franciscanessenstraat,Haarlemmerliede
2065AR,15,,Franciscanessenstraat,Haarlemmerliede
2065AR,16,,Franciscanessenstraat,Haarlemmerliede
2065AR,17,,Franciscanessenstraat,Haarlemmerliede
2065AR,18,,Franciscanessenstraat,Haarlemmerliede
2065AR,19,,Franciscanessenstraat,Haarlemmerliede
2065AR,20,,Franciscanessenstraat,Haarlemmerliede
2065AR,21,,Franciscanessenstraat,Haarlemmerliede
2065AR,23,,Franciscanessenstraat,Haarlemmerliede
2065AE,173,,Haarlemmerstraatweg,Halfweg
1165MK,173,,Haarlemmerstraatweg,Halfweg
2065AE,175,,Haarlemmerstraatweg,Halfweg
1165MK,175,,Haarlemmerstraatweg,Halfweg
2065AE,177,,Haarlemmerstraatweg,Halfweg
1165MK,177,,Haarlemmerstraatweg,Halfweg
2065AH,2,,Liedeweg,Haarlemmerliede
2065AH,4,,Liedeweg,Haarlemmerliede
2065AH,5,,Liedeweg,Haarlemmerliede
2065AH,6,,Liedeweg,Haarlemmerliede
2065AH,7,,Liedeweg,Haarlemmerliede
2065AH,8,,Liedeweg,Haarlemmerliede
2065AH,9,,Liedeweg,Haarlemmerliede
2065AH,10,,Liedeweg,Haarlemmerliede
2065AH,11,,Liedeweg,Haarlemmerliede
2065AH,12,,Liedeweg,Haarlemmerliede
2065AH,13,,Liedeweg,Haarlemmerliede
2065AH,14,,Liedeweg,Haarlemmerliede
2065AH,15,,Liedeweg,Haarlemmerliede
2065AH,16,,Liedeweg,Haarlemmerliede
2065AH,17,,Liedeweg,Haarlemmerliede
2065AH,18,,Liedeweg,Haarlemmerliede
2065AJ,19,,Liedeweg,Haarlemmerliede
2065AJ,21,,Liedeweg,Haarlemmerliede
2065AJ,23,,Liedeweg,Haarlemmerliede
2065AJ,25,,Liedeweg,Haarlemmerliede
2065AJ,27,,Liedeweg,Haarlemmerliede
2065AJ,28,,Liedeweg,Haarlemmerliede
2065AJ,29,,Liedeweg,Haarlemmerliede
2065AJ,30,,Liedeweg,Haarlemmerliede
2065AJ,31,,Liedeweg,Haarlemmerliede
2065AJ,32,,Liedeweg,Haarlemmerliede
2065AJ,33,,Liedeweg,Haarlemmerliede
2065AJ,34,,Liedeweg,Haarlemmerliede
2065AJ,35,,Liedeweg,Haarlemmerliede
2065AJ,37,,Liedeweg,Haarlemmerliede
2065AJ,37,ws,Liedeweg,Haarlemmerliede
2065AK,38,,Liedeweg,Haarlemmerliede
2065AK,39,,Liedeweg,Haarlemmerliede
2065AK,40,,Liedeweg,Haarlemmerliede
2065AK,41,,Liedeweg,Haarlemmerliede
2065AK,42,,Liedeweg,Haarlemmerliede
2065AK,43,,Liedeweg,Haarlemmerliede
2065AK,45,,Liedeweg,Haarlemmerliede
2065AK,47,,Liedeweg,Haarlemmerliede
2065AK,49,,Liedeweg,Haarlemmerliede
2065AK,51,,Liedeweg,Haarlemmerliede
2065AK,52,,Liedeweg,Haarlemmerliede
2065AK,53,,Liedeweg,Haarlemmerliede
2065AL,54,,Liedeweg,Haarlemmerliede
2065AK,55,,Liedeweg,Haarlemmerliede
2065AL,56,,Liedeweg,Haarlemmerliede
2065AK,57,,Liedeweg,Haarlemmerliede
2065AL,58,,Liedeweg,Haarlemmerliede
2065AK,59,,Liedeweg,Haarlemmerliede
2065AL,60,,Liedeweg,Haarlemmerliede
2065AL,61,,Liedeweg,Haarlemmerliede
2065AL,62,,Liedeweg,Haarlemmerliede
2065AL,63,,Liedeweg,Haarlemmerliede
2065AL,65,,Liedeweg,Haarlemmerliede
2065AL,67,,Liedeweg,Haarlemmerliede
2065AH,69,,Liedeweg,Haarlemmerliede
2065AL,69,,Liedeweg,Haarlemmerliede
2065AL,71,,Liedeweg,Haarlemmerliede
2065AL,77,,Liedeweg,Haarlemmerliede
2065AL,79,,Liedeweg,Haarlemmerliede
2065AL,81,,Liedeweg,Haarlemmerliede
2065AA,1,,Oude Notweg,Haarlemmerliede
2065AA,2,,Oude Notweg,Haarlemmerliede
2065AM,1,,Penningsveer,Haarlemmerliede
2065AM,2,,Penningsveer,Haarlemmerliede
2065AM,3,,Penningsveer,Haarlemmerliede
2065AM,4,,Penningsveer,Haarlemmerliede
2065AM,5,ws1,Penningsveer,Haarlemmerliede
2065AM,5,ab,Penningsveer,Haarlemmerliede
2065AM,5,bij,Penningsveer,Haarlemmerliede
2065AM,5,to,Penningsveer,Haarlemmerliede
2065AM,5,,Penningsveer,Haarlemmerliede
2065AM,6,,Penningsveer,Haarlemmerliede
2065AM,7,,Penningsveer,Haarlemmerliede
2065AM,8,,Penningsveer,Haarlemmerliede
2065AN,9,,Penningsveer,Haarlemmerliede
2065AN,8,ws,Penningsveer,Haarlemmerliede
2065AM,8,ws,Penningsveer,Haarlemmerliede
2065AG,1,,Rottewegje,Haarlemmerliede
2065AG,2,,Rottewegje,Haarlemmerliede
2065AG,2,ws,Rottewegje,Haarlemmerliede
2065AG,2,a,Rottewegje,Haarlemmerliede
2065AG,3,,Rottewegje,Haarlemmerliede
2065AG,5,,Rottewegje,Haarlemmerliede
2065AS,1,,Veermolenweg,Haarlemmerliede
2065AS,2,,Veermolenweg,Haarlemmerliede
2065AS,3,,Veermolenweg,Haarlemmerliede
2065AS,4,,Veermolenweg,Haarlemmerliede
2065AS,5,,Veermolenweg,Haarlemmerliede
2065AS,6,,Veermolenweg,Haarlemmerliede
2065AS,7,,Veermolenweg,Haarlemmerliede
2065AS,8,,Veermolenweg,Haarlemmerliede
2065AS,9,,Veermolenweg,Haarlemmerliede
2065AS,10,,Veermolenweg,Haarlemmerliede
1165MA,2,,Amsterdamsestraatweg,Halfweg
1165MA,6,,Amsterdamsestraatweg,Halfweg
1165MA,8,,Amsterdamsestraatweg,Halfweg
1165MA,10,,Amsterdamsestraatweg,Halfweg
1165MA,12,,Amsterdamsestraatweg,Halfweg
1165MA,14,,Amsterdamsestraatweg,Halfweg
1165MA,16,,Amsterdamsestraatweg,Halfweg
1165MA,18,,Amsterdamsestraatweg,Halfweg
1165MA,20,,Amsterdamsestraatweg,Halfweg
1165MA,22,,Amsterdamsestraatweg,Halfweg
1165MA,24,,Amsterdamsestraatweg,Halfweg
1165MA,26,,Amsterdamsestraatweg,Halfweg
1165MA,30,,Amsterdamsestraatweg,Halfweg
1165MA,32,,Amsterdamsestraatweg,Halfweg
1165MA,38,,Amsterdamsestraatweg,Halfweg
1165MA,40,,Amsterdamsestraatweg,Halfweg
1165MB,42,,Amsterdamsestraatweg,Halfweg
1165MB,44,,Amsterdamsestraatweg,Halfweg
1165MB,46,,Amsterdamsestraatweg,Halfweg
1165MB,48,,Amsterdamsestraatweg,Halfweg
1165MB,50,,Amsterdamsestraatweg,Halfweg
1165MB,52,,Amsterdamsestraatweg,Halfweg
1165MB,54,,Amsterdamsestraatweg,Halfweg
1165MB,56,,Amsterdamsestraatweg,Halfweg
1165MB,58,,Amsterdamsestraatweg,Halfweg
1165MB,60,,Amsterdamsestraatweg,Halfweg
1165MB,62,,Amsterdamsestraatweg,Halfweg
1165MB,64,,Amsterdamsestraatweg,Halfweg
1165MB,66,,Amsterdamsestraatweg,Halfweg
1165MB,68,,Amsterdamsestraatweg,Halfweg
1165NE,1,,Bauduinlaan,Halfweg
1165NE,3,,Bauduinlaan,Halfweg
1165NE,5,,Bauduinlaan,Halfweg
1165NE,7,,Bauduinlaan,Halfweg
1165NE,9,,Bauduinlaan,Halfweg
1165NE,11,,Bauduinlaan,Halfweg
1165NE,13,,Bauduinlaan,Halfweg
1165NE,15,,Bauduinlaan,Halfweg
1165NE,17,,Bauduinlaan,Halfweg
1165NE,19,,Bauduinlaan,Halfweg
1165NE,21,,Bauduinlaan,Halfweg
1165GJ,1,,Beatrixstraat,Halfweg
1165GK,2,,Beatrixstraat,Halfweg
1165GJ,3,,Beatrixstraat,Halfweg
1165GK,4,,Beatrixstraat,Halfweg
1165GJ,5,,Beatrixstraat,Halfweg
1165GK,6,,Beatrixstraat,Halfweg
1165GJ,7,,Beatrixstraat,Halfweg
1165GK,8,,Beatrixstraat,Halfweg
1165GJ,9,,Beatrixstraat,Halfweg
1165GK,10,,Beatrixstraat,Halfweg
1165GJ,11,,Beatrixstraat,Halfweg
1165GK,12,,Beatrixstraat,Halfweg
1165GJ,13,,Beatrixstraat,Halfweg
1165GK,14,,Beatrixstraat,Halfweg
1165GJ,15,,Beatrixstraat,Halfweg
1165GK,16,,Beatrixstraat,Halfweg
1165GJ,17,,Beatrixstraat,Halfweg
1165GK,18,,Beatrixstraat,Halfweg
1165GJ,19,,Beatrixstraat,Halfweg
1165GK,20,,Beatrixstraat,Halfweg
1165GJ,21,,Beatrixstraat,Halfweg
1165GK,22,,Beatrixstraat,Halfweg
1165GJ,23,,Beatrixstraat,Halfweg
1165GK,24,,Beatrixstraat,Halfweg
1165GJ,25,,Beatrixstraat,Halfweg
1165GK,26,,Beatrixstraat,Halfweg
1165GJ,27,,Beatrixstraat,Halfweg
1165GK,28,,Beatrixstraat,Halfweg
1165GJ,29,,Beatrixstraat,Halfweg
1165GK,30,,Beatrixstraat,Halfweg
1165GJ,31,,Beatrixstraat,Halfweg
1165GK,32,,Beatrixstraat,Halfweg
1165GJ,33,,Beatrixstraat,Halfweg
1165GK,34,,Beatrixstraat,Halfweg
1165GJ,35,,Beatrixstraat,Halfweg
1165GJ,37,,Beatrixstraat,Halfweg
1165GJ,39,,Beatrixstraat,Halfweg
1165GJ,41,,Beatrixstraat,Halfweg
1165GJ,43,,Beatrixstraat,Halfweg
1165GJ,45,,Beatrixstraat,Halfweg
1165GJ,47,,Beatrixstraat,Halfweg
1165GJ,49,,Beatrixstraat,Halfweg
1165GJ,51,,Beatrixstraat,Halfweg
1165GJ,53,,Beatrixstraat,Halfweg
1165GJ,55,,Beatrixstraat,Halfweg
1165GJ,57,,Beatrixstraat,Halfweg
1165GJ,59,,Beatrixstraat,Halfweg
1165GJ,61,,Beatrixstraat,Halfweg
1165GJ,63,,Beatrixstraat,Halfweg
1165GJ,65,,Beatrixstraat,Halfweg
1165GJ,67,,Beatrixstraat,Halfweg
1165GJ,69,,Beatrixstraat,Halfweg
1165GJ,71,,Beatrixstraat,Halfweg
1165GJ,73,,Beatrixstraat,Halfweg
1165GG,1,,Binnenhof,Halfweg
1165GG,2,,Binnenhof,Halfweg
1165GG,3,,Binnenhof,Halfweg
1165GG,4,,Binnenhof,Halfweg
1165GG,5,,Binnenhof,Halfweg
1165GG,6,,Binnenhof,Halfweg
1165GG,7,,Binnenhof,Halfweg
1165GG,8,,Binnenhof,Halfweg
1165GG,9,,Binnenhof,Halfweg
1165GG,10,,Binnenhof,Halfweg
1165GG,11,,Binnenhof,Halfweg
1165GG,12,,Binnenhof,Halfweg
1165GG,13,,Binnenhof,Halfweg
1165GG,14,,Binnenhof,Halfweg
1165GG,15,,Binnenhof,Halfweg
1165GG,16,,Binnenhof,Halfweg
1165GG,17,,Binnenhof,Halfweg
1165GG,18,,Binnenhof,Halfweg
1165GG,19,,Binnenhof,Halfweg
1165GG,20,,Binnenhof,Halfweg
1165GG,21,,Binnenhof,Halfweg
1165GG,22,,Binnenhof,Halfweg
1165GG,23,,Binnenhof,Halfweg
1165GG,24,,Binnenhof,Halfweg
1165LS,1,,Burg Simonsstraat,Halfweg
1165LS,2,,Burg Simonsstraat,Halfweg
1165LS,3,,Burg Simonsstraat,Halfweg
1165LS,4,,Burg Simonsstraat,Halfweg
1165LS,5,,Burg Simonsstraat,Halfweg
1165LS,6,,Burg Simonsstraat,Halfweg
1165LS,7,,Burg Simonsstraat,Halfweg
1165LS,8,,Burg Simonsstraat,Halfweg
1165LS,9,,Burg Simonsstraat,Halfweg
1165LS,10,,Burg Simonsstraat,Halfweg
1165LS,10,to,Burg Simonsstraat,Halfweg
1165LS,11,,Burg Simonsstraat,Halfweg
1165LS,12,,Burg Simonsstraat,Halfweg
1165LS,13,,Burg Simonsstraat,Halfweg
1165LS,14,,Burg Simonsstraat,Halfweg
1165LS,15,,Burg Simonsstraat,Halfweg
1165LS,16,,Burg Simonsstraat,Halfweg
1165NP,1,,Burgemeester van Hövell tot Westerflierpad,Halfweg
1165NP,2,,Burgemeester van Hövell tot Westerflierpad,Halfweg
1165NP,3,,Burgemeester van Hövell tot Westerflierpad,Halfweg
1165NP,4,,Burgemeester van Hövell tot Westerflierpad,Halfweg
1165NP,5,,Burgemeester van Hövell tot Westerflierpad,Halfweg
1165NP,6,,Burgemeester van Hövell tot Westerflierpad,Halfweg
1165NP,7,,Burgemeester van Hövell tot Westerflierpad,Halfweg
1165NP,8,,Burgemeester van Hövell tot Westerflierpad,Halfweg
1165NP,9,,Burgemeester van Hövell tot Westerflierpad,Halfweg
1165NP,10,,Burgemeester van Hövell tot Westerflierpad,Halfweg
1165NP,11,,Burgemeester van Hövell tot Westerflierpad,Halfweg
1165NP,12,,Burgemeester van Hövell tot Westerflierpad,Halfweg
1165NP,13,,Burgemeester van Hövell tot Westerflierpad,Halfweg
1165NP,14,,Burgemeester van Hövell tot Westerflierpad,Halfweg
1165NR,15,,Burgemeester van Hövell tot Westerflierpad,Halfweg
1165NR,16,,Burgemeester van Hövell tot Westerflierpad,Halfweg
1165NR,17,,Burgemeester van Hövell tot Westerflierpad,Halfweg
1165NR,18,,Burgemeester van Hövell tot Westerflierpad,Halfweg
1165NR,19,,Burgemeester van Hövell tot Westerflierpad,Halfweg
1165NR,20,,Burgemeester van Hövell tot Westerflierpad,Halfweg
1165NR,21,,Burgemeester van Hövell tot Westerflierpad,Halfweg
1165NR,22,,Burgemeester van Hövell tot Westerflierpad,Halfweg
1165NR,23,,Burgemeester van Hövell tot Westerflierpad,Halfweg
1165NR,24,,Burgemeester van Hövell tot Westerflierpad,Halfweg
1165NR,25,,Burgemeester van Hövell tot Westerflierpad,Halfweg
1165NR,26,,Burgemeester van Hövell tot Westerflierpad,Halfweg
1165NR,27,,Burgemeester van Hövell tot Westerflierpad,Halfweg
1165NR,28,,Burgemeester van Hövell tot Westerflierpad,Halfweg
1165NR,29,,Burgemeester van Hövell tot Westerflierpad,Halfweg
1165NR,30,,Burgemeester van Hövell tot Westerflierpad,Halfweg
1165NS,1,,Burg van Bruggenstraat,Halfweg
1165NT,2,,Burg van Bruggenstraat,Halfweg
1165NS,3,,Burg van Bruggenstraat,Halfweg
1165NT,4,,Burg van Bruggenstraat,Halfweg
1165NS,5,,Burg van Bruggenstraat,Halfweg
1165NT,6,,Burg van Bruggenstraat,Halfweg
1165NS,7,,Burg van Bruggenstraat,Halfweg
1165NT,8,,Burg van Bruggenstraat,Halfweg
1165NS,9,,Burg van Bruggenstraat,Halfweg
1165NT,10,,Burg van Bruggenstraat,Halfweg
1165NS,11,,Burg van Bruggenstraat,Halfweg
1165NT,12,,Burg van Bruggenstraat,Halfweg
1165NS,13,,Burg van Bruggenstraat,Halfweg
1165NT,14,,Burg van Bruggenstraat,Halfweg
1165NS,15,,Burg van Bruggenstraat,Halfweg
1165NT,16,,Burg van Bruggenstraat,Halfweg
1165NS,17,,Burg van Bruggenstraat,Halfweg
1165NT,18,,Burg van Bruggenstraat,Halfweg
1165NS,19,,Burg van Bruggenstraat,Halfweg
1165NT,20,,Burg van Bruggenstraat,Halfweg
1165NS,21,,Burg van Bruggenstraat,Halfweg
1165NS,23,,Burg van Bruggenstraat,Halfweg
1165NV,25,,Burg van Bruggenstraat,Halfweg
1165NV,27,,Burg van Bruggenstraat,Halfweg
1165NV,29,,Burg van Bruggenstraat,Halfweg
1165NV,31,,Burg van Bruggenstraat,Halfweg
1165NV,33,,Burg van Bruggenstraat,Halfweg
1165NV,35,,Burg van Bruggenstraat,Halfweg
1165NV,37,,Burg van Bruggenstraat,Halfweg
1165NV,39,,Burg van Bruggenstraat,Halfweg
1165NV,41,,Burg van Bruggenstraat,Halfweg
1165NV,43,,Burg van Bruggenstraat,Halfweg
1165NV,45,,Burg van Bruggenstraat,Halfweg
1165NV,47,,Burg van Bruggenstraat,Halfweg
1165NV,49,,Burg van Bruggenstraat,Halfweg
1165NV,51,,Burg van Bruggenstraat,Halfweg
1165NV,53,,Burg van Bruggenstraat,Halfweg
1165NV,55,,Burg van Bruggenstraat,Halfweg
1165NV,57,,Burg van Bruggenstraat,Halfweg
1165NV,59,,Burg van Bruggenstraat,Halfweg
1165NV,61,,Burg van Bruggenstraat,Halfweg
1165NV,63,,Burg van Bruggenstraat,Halfweg
1165HM,1,,Dillenburg,Halfweg
1165HM,2,,Dillenburg,Halfweg
1165HM,3,,Dillenburg,Halfweg
1165HM,4,,Dillenburg,Halfweg
1165HM,5,,Dillenburg,Halfweg
1165HM,6,,Dillenburg,Halfweg
1165HM,7,,Dillenburg,Halfweg
1165HM,8,,Dillenburg,Halfweg
1165HM,9,,Dillenburg,Halfweg
1165HM,10,,Dillenburg,Halfweg
1165HM,11,,Dillenburg,Halfweg
1165HN,12,,Dillenburg,Halfweg
1165HN,13,,Dillenburg,Halfweg
1165HN,14,,Dillenburg,Halfweg
1165HN,15,,Dillenburg,Halfweg
1165HN,16,,Dillenburg,Halfweg
1165HN,17,,Dillenburg,Halfweg
1165HN,18,,Dillenburg,Halfweg
1165HN,19,,Dillenburg,Halfweg
1165HN,20,,Dillenburg,Halfweg
1165HN,21,,Dillenburg,Halfweg
1165HN,22,,Dillenburg,Halfweg
1165HN,23,,Dillenburg,Halfweg
1165HN,24,,Dillenburg,Halfweg
1165HN,25,,Dillenburg,Halfweg
1165HN,26,,Dillenburg,Halfweg
1165MC,1,,Dokter Baumannplein,Halfweg
1165MD,2,,Dokter Baumannplein,Halfweg
1165MC,3,,Dokter Baumannplein,Halfweg
1165MD,4,,Dokter Baumannplein,Halfweg
1165MC,5,,Dokter Baumannplein,Halfweg
1165MD,6,,Dokter Baumannplein,Halfweg
1165MC,7,,Dokter Baumannplein,Halfweg
1165MD,8,,Dokter Baumannplein,Halfweg
1165MC,9,,Dokter Baumannplein,Halfweg
1165MD,10,,Dokter Baumannplein,Halfweg
1165MD,11,,Dokter Baumannplein,Halfweg
1165MC,11,,Dokter Baumannplein,Halfweg
1165MD,12,,Dokter Baumannplein,Halfweg
1165MD,14,,Dokter Baumannplein,Halfweg
1165MC,15,,Dokter Baumannplein,Halfweg
1165MD,16,,Dokter Baumannplein,Halfweg
1165MC,17,,Dokter Baumannplein,Halfweg
1165MD,18,,Dokter Baumannplein,Halfweg
1165MC,19,,Dokter Baumannplein,Halfweg
1165MD,20,,Dokter Baumannplein,Halfweg
1165MC,21,,Dokter Baumannplein,Halfweg
1165MD,22,,Dokter Baumannplein,Halfweg
1165MC,23,,Dokter Baumannplein,Halfweg
1165MD,24,,Dokter Baumannplein,Halfweg
1165MC,25,,Dokter Baumannplein,Halfweg
1165MD,26,,Dokter Baumannplein,Halfweg
1165MC,27,,Dokter Baumannplein,Halfweg
1165MD,28,,Dokter Baumannplein,Halfweg
1165MC,29,,Dokter Baumannplein,Halfweg
1165MD,30,,Dokter Baumannplein,Halfweg
1165MC,31,,Dokter Baumannplein,Halfweg
1165MD,32,,Dokter Baumannplein,Halfweg
1165MC,33,,Dokter Baumannplein,Halfweg
1165MD,34,,Dokter Baumannplein,Halfweg
1165MC,35,,Dokter Baumannplein,Halfweg
1165MD,36,,Dokter Baumannplein,Halfweg
1165MC,37,,Dokter Baumannplein,Halfweg
1165MD,38,,Dokter Baumannplein,Halfweg
1165MD,40,,Dokter Baumannplein,Halfweg
1165MD,42,,Dokter Baumannplein,Halfweg
1165MD,44,,Dokter Baumannplein,Halfweg
1165MD,46,,Dokter Baumannplein,Halfweg
1165MD,48,,Dokter Baumannplein,Halfweg
1165MD,50,,Dokter Baumannplein,Halfweg
1165MD,52,,Dokter Baumannplein,Halfweg
1165MD,54,,Dokter Baumannplein,Halfweg
1165MD,56,,Dokter Baumannplein,Halfweg
1165MD,58,,Dokter Baumannplein,Halfweg
1165MD,60,,Dokter Baumannplein,Halfweg
1165MD,62,,Dokter Baumannplein,Halfweg
1165MD,64,,Dokter Baumannplein,Halfweg
1165GP,3,,Dr Schaepmanstraat,Halfweg
1165GP,4,,Dr Schaepmanstraat,Halfweg
1165GP,5,,Dr Schaepmanstraat,Halfweg
1165GP,6,,Dr Schaepmanstraat,Halfweg
1165GP,8,,Dr Schaepmanstraat,Halfweg
1165GP,9,,Dr Schaepmanstraat,Halfweg
1165GP,10,,Dr Schaepmanstraat,Halfweg
1165GP,12,,Dr Schaepmanstraat,Halfweg
1165GP,14,,Dr Schaepmanstraat,Halfweg
1165GP,16,,Dr Schaepmanstraat,Halfweg
1165GP,18,,Dr Schaepmanstraat,Halfweg
1165ME,1,,Dubbele Buurt,Halfweg
1165MG,2,,Wethouder Doevenstraat,Halfweg
1165ME,2,,Dubbele Buurt,Halfweg
1165ME,3,,Dubbele Buurt,Halfweg
1165MG,4,,Wethouder Doevenstraat,Halfweg
1165MG,6,,Wethouder Doevenstraat,Halfweg
1165ME,7,,Dubbele Buurt,Halfweg
1165MG,8,,Wethouder Doevenstraat,Halfweg
1165ME,9,,Dubbele Buurt,Halfweg
1165ME,10,,Dubbele Buurt,Halfweg
1165MG,10,,Wethouder Doevenstraat,Halfweg
1165ME,11,,Dubbele Buurt,Halfweg
1165MG,12,,Wethouder Doevenstraat,Halfweg
1165ME,13,,Dubbele Buurt,Halfweg
1165MG,14,,Wethouder Doevenstraat,Halfweg
1165ME,15,,Dubbele Buurt,Halfweg
1165ME,16,,Dubbele Buurt,Halfweg
1165ME,17,,Dubbele Buurt,Halfweg
1165MG,18,,Wethouder Doevenstraat,Halfweg
1165MG,20,,Wethouder Doevenstraat,Halfweg
1165MG,22,,Dubbele Buurt,Halfweg
1165MG,24,,Dubbele Buurt,Halfweg
1165MG,26,,Dubbele Buurt,Halfweg
1165MG,28,,Dubbele Buurt,Halfweg
1165MG,30,,Dubbele Buurt,Halfweg
1165MG,32,,Dubbele Buurt,Halfweg
1165MG,34,,Dubbele Buurt,Halfweg
1165MG,36,,Dubbele Buurt,Halfweg
1165MG,38,,Dubbele Buurt,Halfweg
1165MG,40,,Dubbele Buurt,Halfweg
1165MG,42,,Dubbele Buurt,Halfweg
1165MG,44,,Dubbele Buurt,Halfweg
1165MG,46,,Dubbele Buurt,Halfweg
1165MG,48,,Dubbele Buurt,Halfweg
1165MG,50,,Dubbele Buurt,Halfweg
1165MG,52,,Dubbele Buurt,Halfweg
1165HW,1,,Emmaplein,Halfweg
1165HW,2,,Emmaplein,Halfweg
1165HW,3,,Emmaplein,Halfweg
1165HW,4,,Emmaplein,Halfweg
1165HW,5,,Emmaplein,Halfweg
1165MN,1,,Groeneweg,Halfweg
1165MN,2,,Groeneweg,Halfweg
1165MN,3,,Groeneweg,Halfweg
1165MN,4,,Groeneweg,Halfweg
1165MN,5,,Groeneweg,Halfweg
1165MN,6,,Groeneweg,Halfweg
1165MN,7,,Groeneweg,Halfweg
1165MN,8,,Groeneweg,Halfweg
1165HG,1,,Haarlemmermeerstraat,Halfweg
1165HG,2,,Haarlemmermeerstraat,Halfweg
1165HJ,2,,Haarlemmermeerstraat,Halfweg
1165HG,3,,Haarlemmermeerstraat,Halfweg
1165HG,4,,Haarlemmermeerstraat,Halfweg
1165HJ,4,,Haarlemmermeerstraat,Halfweg
1165HG,5,,Haarlemmermeerstraat,Halfweg
1165HG,6,,Haarlemmermeerstraat,Halfweg
1165HJ,6,,Haarlemmermeerstraat,Halfweg
1165HG,7,,Haarlemmermeerstraat,Halfweg
1165HG,9,,Haarlemmermeerstraat,Halfweg
1165HG,11,,Haarlemmermeerstraat,Halfweg
1165HG,13,,Haarlemmermeerstraat,Halfweg
1165HH,15,,Haarlemmermeerstraat,Halfweg
1165HH,17,,Haarlemmermeerstraat,Halfweg
1165HH,19,,Haarlemmermeerstraat,Halfweg
1165HH,21,,Haarlemmermeerstraat,Halfweg
1165HH,23,,Haarlemmermeerstraat,Halfweg
1165HG,25,,Haarlemmermeerstraat,Halfweg
1165HH,25,,Haarlemmermeerstraat,Halfweg
1165HH,29,,Haarlemmermeerstraat,Halfweg
1165HH,31,,Haarlemmermeerstraat,Halfweg
1165HH,33,,Haarlemmermeerstraat,Halfweg
1165HH,35,,Haarlemmermeerstraat,Halfweg
1165HH,37,,Haarlemmermeerstraat,Halfweg
1165HH,39,,Haarlemmermeerstraat,Halfweg
1165HH,41,,Haarlemmermeerstraat,Halfweg
2065AE,179,ws,Haarlemmerstraatweg,Haarlemmerliede
2065AE,179,,Haarlemmerstraatweg,Haarlemmerliede
2065AE,181,,Haarlemmerstraatweg,Haarlemmerliede
2065AE,183,,Haarlemmerstraatweg,Haarlemmerliede
1165MJ,7,,Haarlemmerstraatweg,Halfweg
1165MJ,11,,Haarlemmerstraatweg,Halfweg
1165MJ,15,,Haarlemmerstraatweg,Halfweg
1165MJ,17,,Haarlemmerstraatweg,Halfweg
1165MJ,19,,Haarlemmerstraatweg,Halfweg
1165MJ,21,,Haarlemmerstraatweg,Halfweg
1165MJ,23,,Haarlemmerstraatweg,Halfweg
1165MJ,25,,Haarlemmerstraatweg,Halfweg
1165MJ,27,,Haarlemmerstraatweg,Halfweg
1165MJ,29,,Haarlemmerstraatweg,Halfweg
1165MJ,31,,Haarlemmerstraatweg,Halfweg
1165MJ,45,,Haarlemmerstraatweg,Halfweg
1165MJ,47,,Haarlemmerstraatweg,Halfweg
1165MJ,49,,Haarlemmerstraatweg,Halfweg
1165MJ,51,,Haarlemmerstraatweg,Halfweg
1165MJ,55,,Haarlemmerstraatweg,Halfweg
1165MJ,57,,Haarlemmerstraatweg,Halfweg
1165MJ,59,,Haarlemmerstraatweg,Halfweg
1165MK,59,,Haarlemmerstraatweg,Halfweg
1165MJ,61,,Haarlemmerstraatweg,Halfweg
1165MK,61,,Haarlemmerstraatweg,Halfweg
1165MJ,63,,Haarlemmerstraatweg,Halfweg
1165MK,63,,Haarlemmerstraatweg,Halfweg
1165MJ,67,,Haarlemmerstraatweg,Halfweg
1165MK,67,,Haarlemmerstraatweg,Halfweg
1165MJ,69,,Haarlemmerstraatweg,Halfweg
1165MK,69,,Haarlemmerstraatweg,Halfweg
1165MJ,69,traf,Haarlemmerstraatweg,Halfweg
1165MK,71,,Haarlemmerstraatweg,Halfweg
1165MK,73,,Haarlemmerstraatweg,Halfweg
1165MK,73,traf,Haarlemmerstraatweg,Halfweg
1165MK,79,,Haarlemmerstraatweg,Halfweg
1165MK,81,,Haarlemmerstraatweg,Halfweg
1165MK,83,,Haarlemmerstraatweg,Halfweg
1165MK,85,,Haarlemmerstraatweg,Halfweg
1165MK,87,,Haarlemmerstraatweg,Halfweg
1165MK,89,,Haarlemmerstraatweg,Halfweg
1165MK,91,,Haarlemmerstraatweg,Halfweg
1165MK,93,,Haarlemmerstraatweg,Halfweg
1165MK,95,,Haarlemmerstraatweg,Halfweg
1165MK,97,,Haarlemmerstraatweg,Halfweg
1165MK,99,,Haarlemmerstraatweg,Halfweg
1165MK,101,,Haarlemmerstraatweg,Halfweg
1165MK,103,,Haarlemmerstraatweg,Halfweg
1165MK,103,traf,Haarlemmerstraatweg,Halfweg
1165MK,105,,Haarlemmerstraatweg,Halfweg
1165MK,107,,Haarlemmerstraatweg,Halfweg
1165MK,109,,Haarlemmerstraatweg,Halfweg
1165MK,111,,Haarlemmerstraatweg,Halfweg
1165MK,113,,Haarlemmerstraatweg,Halfweg
1165MK,115,,Haarlemmerstraatweg,Halfweg
1165MK,117,,Haarlemmerstraatweg,Halfweg
1165MK,119,,Haarlemmerstraatweg,Halfweg
1165MK,121,,Haarlemmerstraatweg,Halfweg
1165MK,123,,Haarlemmerstraatweg,Halfweg
1165MK,125,,Haarlemmerstraatweg,Halfweg
1165MK,127,,Haarlemmerstraatweg,Halfweg
1165MK,129,,Haarlemmerstraatweg,Halfweg
1165MK,131,,Haarlemmerstraatweg,Halfweg
1165MK,133,,Haarlemmerstraatweg,Halfweg
1165MK,135,,Haarlemmerstraatweg,Halfweg
1165MK,137,,Haarlemmerstraatweg,Halfweg
1165MK,139,,Haarlemmerstraatweg,Halfweg
1165MK,141,,Haarlemmerstraatweg,Halfweg
1165MK,143,,Haarlemmerstraatweg,Halfweg
1165MK,145,,Haarlemmerstraatweg,Halfweg
1165MK,147,,Haarlemmerstraatweg,Halfweg
1165MK,149,,Haarlemmerstraatweg,Halfweg
1165MK,153,,Haarlemmerstraatweg,Halfweg
1165MK,155,,Haarlemmerstraatweg,Halfweg
1165MK,157,,Haarlemmerstraatweg,Halfweg
1165MK,159,,Haarlemmerstraatweg,Halfweg
1165MK,161,,Haarlemmerstraatweg,Halfweg
1165MK,165,,Haarlemmerstraatweg,Halfweg
1165MK,169,,Haarlemmerstraatweg,Halfweg
1165MK,169,traf,Haarlemmerstraatweg,Halfweg
1165MV,1,,Houtrakkerweg,Halfweg
1165MX,2,,Houtrakkerweg,Halfweg
1165MX,4,,Houtrakkerweg,Halfweg
1165MX,6,,Houtrakkerweg,Halfweg
1165MV,11,,Houtrakkerweg,Halfweg
1165MV,13,,Houtrakkerweg,Halfweg
1165MV,15,,Houtrakkerweg,Halfweg
1165MX,16,,Houtrakkerweg,Halfweg
1165MV,17,,Houtrakkerweg,Halfweg
1165MX,18,,Houtrakkerweg,Halfweg
1165MV,19,,Houtrakkerweg,Halfweg
1165MV,21,,Houtrakkerweg,Halfweg
1165MV,23,,Houtrakkerweg,Halfweg
1165MV,25,,Houtrakkerweg,Halfweg
1165MX,26,,Houtrakkerweg,Halfweg
