7322RJ,29,,Hollaenderstraat,Apeldoorn
7322RJ,31,,Hollaenderstraat,Apeldoorn
7322RJ,35,,Hollaenderstraat,Apeldoorn
7322RJ,37,,Hollaenderstraat,Apeldoorn
7322RJ,39,,Hollaenderstraat,Apeldoorn
7322RJ,41,,Hollaenderstraat,Apeldoorn
7322RJ,43,,Hollaenderstraat,Apeldoorn
7322RJ,45,,Hollaenderstraat,Apeldoorn
7323TZ,79,,Kleine Vos,Apeldoorn
7315AD,284,,Loolaan,Apeldoorn
7315AD,286,,Loolaan,Apeldoorn
7315AD,288,,Loolaan,Apeldoorn
7315AD,290,,Loolaan,Apeldoorn
7315AD,292,,Loolaan,Apeldoorn
7315AD,294,,Loolaan,Apeldoorn
7315AD,296,,Loolaan,Apeldoorn
7315AD,298,,Loolaan,Apeldoorn
7315AD,300,,Loolaan,Apeldoorn
7315AD,302,,Loolaan,Apeldoorn
7315AD,304,,Loolaan,Apeldoorn
7315AD,306,,Loolaan,Apeldoorn
7315AD,308,,Loolaan,Apeldoorn
7315AD,310,,Loolaan,Apeldoorn
7315AD,312,,Loolaan,Apeldoorn
7315AD,316,,Loolaan,Apeldoorn
7315AD,318,,Loolaan,Apeldoorn
7315AD,320,,Loolaan,Apeldoorn
7315AD,322,,Loolaan,Apeldoorn
7315AD,324,,Loolaan,Apeldoorn
7315AD,326,,Loolaan,Apeldoorn
7315AD,328,,Loolaan,Apeldoorn
7315AD,330,,Loolaan,Apeldoorn
7315AD,332,,Loolaan,Apeldoorn
7315AD,334,,Loolaan,Apeldoorn
7315AD,336,,Loolaan,Apeldoorn
7315AD,338,,Loolaan,Apeldoorn
7315AD,340,,Loolaan,Apeldoorn
7364AJ,288,,Kanaal Zuid,Lieren
7361CG,3,,Klein Canada,Beekbergen
7361CG,5,,Klein Canada,Beekbergen
7361CG,7,,Klein Canada,Beekbergen
7361CG,9,,Klein Canada,Beekbergen
7361CG,49,,Klein Canada,Beekbergen
7361CG,51,,Klein Canada,Beekbergen
7361CG,53,,Klein Canada,Beekbergen
7361CG,55,,Klein Canada,Beekbergen
7361CG,57,,Klein Canada,Beekbergen
7361CG,4,,Klein Canada,Beekbergen
7361CG,6,,Klein Canada,Beekbergen
7361CG,8,,Klein Canada,Beekbergen
7361CG,10,,Klein Canada,Beekbergen
7361CG,12,,Klein Canada,Beekbergen
7361CG,14,,Klein Canada,Beekbergen
7361CG,16,,Klein Canada,Beekbergen
7361CG,50,,Klein Canada,Beekbergen
7361CG,52,,Klein Canada,Beekbergen
7361CG,54,,Klein Canada,Beekbergen
7361CG,56,,Klein Canada,Beekbergen
7361CG,58,,Klein Canada,Beekbergen
7361CG,60,,Klein Canada,Beekbergen
7361ZR,1,,Koningspage,Beekbergen
7361ZR,3,,Koningspage,Beekbergen
7361ZR,5,,Koningspage,Beekbergen
7361ZR,7,,Koningspage,Beekbergen
7311LG,1,,Marktplein,Apeldoorn
7311VA,111,,Mathilde Wibautstraat,Apeldoorn
7311CL,280,,Vosselmanstraat,Apeldoorn
7311ST,201,,Prins Willem-Alexanderlaan,Apeldoorn
7311CC,109,,Roggestraat,Apeldoorn
7311JR,4,,Rosariumstraat,Apeldoorn
7311PD,22,,Sophialaan,Apeldoorn
7311ME,293,,Stationsstraat,Apeldoorn
7311CC,111,,Roggestraat,Apeldoorn
7311KT,157,,Hofstraat,Apeldoorn
7311JA,44,,Rustenburgstraat,Apeldoorn
7311PD,20,,Sophialaan,Apeldoorn
7311PV,142,,Molendwarsstraat,Apeldoorn
7311ME,291,,Stationsstraat,Apeldoorn
7311MZ,418,,Kanaalstraat,Apeldoorn
7311LW,24,,Deventerstraat,Apeldoorn
7311AK,1,,Burgemeester Des Tombeplein,Apeldoorn
7314BZ,1,,Churchillplein,Apeldoorn
7314AV,106,,Amphion,Apeldoorn
7311AK,71,,Burgemeester Des Tombeplein,Apeldoorn
7314PS,8,,John F. Kennedylaan,Apeldoorn
7314GR,2,,Vorstenhof,Apeldoorn
7331VZ,500,,Laan van de Mensenrechten,Apeldoorn
7331SP,50,,Abraham Kuyperstraat,Apeldoorn
7328JH,9,,Ovenbouwershoek,Apeldoorn
7321BN,45,,Auroralaan,Apeldoorn
7321BM,60,,Spoorbrugweg,Apeldoorn
7321AE,3,,Bouwe Landlaan,Apeldoorn
7321BN,53,,Auroralaan,Apeldoorn
7321ZK,111,,Plantsoen Welgelegen,Apeldoorn
7321DL,31,,Wapenrustlaan,Apeldoorn
7325HG,98,,Het Verlaat,Apeldoorn
7325HG,166,,Het Verlaat,Apeldoorn
7322HT,7,,Oud-Veldzichtlaan,Apeldoorn
7316BS,77,,Wilhelminapark,Apeldoorn
7371AZ,36,,Hattinkerf,Loenen
7371AZ,42,,Hattinkerf,Loenen
7341PE,6,,Bellertstraat,Beemte Broekland
7331KJ,91,,Karkietweg,Apeldoorn
7331KJ,85,,Karkietweg,Apeldoorn
7331KJ,87,,Karkietweg,Apeldoorn
7331KJ,89,,Karkietweg,Apeldoorn
7331KX,66,,Rietzangerweg,Apeldoorn
7339AD,3,,Karhulstraat,Ugchelen
7323TP,169,,Normastraat,Apeldoorn
7323TP,171,,Normastraat,Apeldoorn
7323RZ,12,,Wolvenbos,Apeldoorn
7315AD,344,,Loolaan,Apeldoorn
7341SB,651,,Deventerstraat,Beemte Broekland
7317BL,31,,Hommel,Apeldoorn
7317BL,33,,Hommel,Apeldoorn
7317BL,35,,Hommel,Apeldoorn
7317BL,37,,Hommel,Apeldoorn
7317BL,39,,Hommel,Apeldoorn
7317BL,41,,Hommel,Apeldoorn
7317BL,43,,Hommel,Apeldoorn
7317BL,45,,Hommel,Apeldoorn
7317BL,47,,Hommel,Apeldoorn
7317BL,49,,Hommel,Apeldoorn
7317BL,51,,Hommel,Apeldoorn
7317BL,53,,Hommel,Apeldoorn
7311MB,6,,Griftstraat,Apeldoorn
7331AZ,8,,Adelaarslaan,Apeldoorn
7331AX,42,,Adelaarslaan,Apeldoorn
7329DC,118,,De Eglantier,Apeldoorn
7329DD,142,,De Eglantier,Apeldoorn
7325WR,9,,Oud Schuilenburg,Apeldoorn
3888MG,6,,Aardhuisweg,Uddel
7321BT,504,,De Voorwaarts,Apeldoorn
7331DM,29,,Reigersweg,Apeldoorn
7331HE,101,,Valkenweg,Apeldoorn
7325AG,32,,Lupineweg,Apeldoorn
7322HJ,56,,Oosterlaan,Apeldoorn
7323RA,15,,Terwoldseweg,Apeldoorn
7323RA,107,,Terwoldseweg,Apeldoorn
7323RA,83,,Terwoldseweg,Apeldoorn
7323XJ,192,,Van Isendoornlaan,Apeldoorn
7323VB,148,,Eikepagelaan,Apeldoorn
7351TN,29,,Woeste Hoefweg,Hoenderloo
7364BH,2,,Lierderstraat,Lieren
7313AC,41,,Amersfoortseweg,Apeldoorn
7339EH,417,,Brouwersmolenweg,Ugchelen
7335CG,99,,Eendrachtstraat,Apeldoorn
7339HW,7,,Bazemolenweg,Ugchelen
7333DG,24,,Debussylaan,Apeldoorn
7333NJ,3,,Dubbelbeek,Apeldoorn
7326KW,816,,Barnewinkel,Apeldoorn
7327EH,416,,Edelenveld,Apeldoorn
7323MT,399,,Aristotelesstraat,Apeldoorn
7323MT,803,,Aristotelesstraat,Apeldoorn
7315AD,346,,Loolaan,Apeldoorn
7316KN,1,,Celsiusstraat,Apeldoorn
7316KX,31,,Fahrenheitstraat,Apeldoorn
3888NP,323,,Amersfoortseweg,Uddel
7351BJ,2,,Arckelaan,Hoenderloo
7371CW,29,,Burggraaf,Loenen
7371EE,25,,Broeksweg,Loenen
7341PH,6,,Broeklanderweg,Beemte Broekland
7311BZ,19,,Beekpark,Apeldoorn
7311BN,227,,Nieuwstraat,Apeldoorn
7311LT,29,,Deventerstraat,Apeldoorn
7333JH,20,,Maasstraat,Apeldoorn
7321AS,18,,Welgelegenlaan,Apeldoorn
7321ZR,9,,Baron Sloetkade,Apeldoorn
7321AE,4,,Bouwe Landlaan,Apeldoorn
7315HD,194,,Loseweg,Apeldoorn
7315HD,190,,Loseweg,Apeldoorn
7339GZ,118,,Otterloseweg,Ugchelen
7361TS,18,,Berg en Dalweg,Beekbergen
7314NX,120,,Waltersingel,Apeldoorn
7312DB,234,,Asselsestraat,Apeldoorn
7312DB,236,,Asselsestraat,Apeldoorn
7312DB,238,,Asselsestraat,Apeldoorn
7316HK,105,,Mercatorplein,Apeldoorn
7345DB,24,,De Nieuwekamp,Wenum Wiesel
7314JD,12,,Toermalijnstraat,Apeldoorn
7314LJ,88,,Schuttersweg,Apeldoorn
7333GZ,328,,1e Wormenseweg,Apeldoorn
7333GZ,326,,1e Wormenseweg,Apeldoorn
7333GZ,340,,1e Wormenseweg,Apeldoorn
7333GZ,346,,1e Wormenseweg,Apeldoorn
7333GZ,348,,1e Wormenseweg,Apeldoorn
7333GZ,352,,1e Wormenseweg,Apeldoorn
7333GZ,350,,1e Wormenseweg,Apeldoorn
7321AZ,64,,Halstraat,Apeldoorn
7321AZ,110,,Halstraat,Apeldoorn
7315CH,46,,Hogeweg,Apeldoorn
7315CH,48,,Hogeweg,Apeldoorn
3888NP,261,,Amersfoortseweg,Uddel
7317BN,61,,Plasweideweg,Apeldoorn
7317BK,30,,Wenumseweg,Apeldoorn
7345GA,30,,Wenumseweg,Wenum Wiesel
7317BJ,33,,Fluitersweg,Apeldoorn
7345DE,3,,Wenumseweg,Wenum Wiesel
7381BC,15,,Iemschoten,Klarenbeek
7361CB,17,,Ruitersmolenweg,Beekbergen
7361CB,15,,Ruitersmolenweg,Beekbergen
7346AL,21,,Alverschotenseweg,Hoog Soeren
7316KA,217,,Marconistraat,Apeldoorn
7323TZ,83,,Kleine Vos,Apeldoorn
7331BH,150,,De Hovenlaan,Apeldoorn
7325VW,150,,De Hovenlaan,Apeldoorn
7322TR,25,,IJsbloem,Apeldoorn
7322TR,27,,IJsbloem,Apeldoorn
7322TR,29,,IJsbloem,Apeldoorn
7322TR,31,,IJsbloem,Apeldoorn
7322TR,33,,IJsbloem,Apeldoorn
7322TR,5,,IJsbloem,Apeldoorn
7322TR,7,,IJsbloem,Apeldoorn
7322TR,9,,IJsbloem,Apeldoorn
7322TR,13,,IJsbloem,Apeldoorn
7322TR,17,,IJsbloem,Apeldoorn
7322TR,21,,IJsbloem,Apeldoorn
7311VN,44,,Librije,Apeldoorn
7311VN,110,,Librije,Apeldoorn
7311VN,112,,Librije,Apeldoorn
7311VN,114,,Librije,Apeldoorn
7311BN,283,,Nieuwstraat,Apeldoorn
7311BP,285,,Nieuwstraat,Apeldoorn
7311BP,287,,Nieuwstraat,Apeldoorn
7311BP,289,,Nieuwstraat,Apeldoorn
7311BP,291,,Nieuwstraat,Apeldoorn
7311EK,155,,Asselsestraat,Apeldoorn
7312DB,258,,Asselsestraat,Apeldoorn
7312BD,381,,Henri Dunantlaan,Apeldoorn
7312BD,379,,Henri Dunantlaan,Apeldoorn
7339CK,54,,Ugchelseweg,Ugchelen
7331BH,185,,Arnhemseweg,Apeldoorn
7346AL,24,,Alverschotenseweg,Hoog Soeren
7346AL,22,,Alverschotenseweg,Hoog Soeren
7317AZ,200,,Stadhoudersmolenweg,Apeldoorn
7317AZ,196,,Stadhoudersmolenweg,Apeldoorn
7317AZ,198,,Stadhoudersmolenweg,Apeldoorn
7317AW,58,,Stadhoudersmolenweg,Apeldoorn
7322JG,62,,Bloemheuvellaan,Apeldoorn
7339GZ,116,,Otterloseweg,Ugchelen
7335JR,71,,Ugchelseweg,Apeldoorn
7323RN,20,,Musicalstraat,Apeldoorn
7323RN,47,,Musicalstraat,Apeldoorn
7317BM,4,,Hoornaar,Apeldoorn
7317BM,6,,Hoornaar,Apeldoorn
7317BM,8,,Hoornaar,Apeldoorn
7317BM,10,,Hoornaar,Apeldoorn
7317BM,12,,Hoornaar,Apeldoorn
7317BM,14,,Hoornaar,Apeldoorn
7311LG,18,,Beekstraat,Apeldoorn
7311LG,24,,Beekstraat,Apeldoorn
7311LE,43,,Beekstraat,Apeldoorn
7311LA,1,,Brinklaan,Apeldoorn
7311LA,13,,Brinklaan,Apeldoorn
7311LB,34,,Brinklaan,Apeldoorn
7311BJ,4,,Deventerstraat,Apeldoorn
7311JZ,99,,Hoofdstraat,Apeldoorn
7311KJ,104,,Hoofdstraat,Apeldoorn
7311BE,204,,Hoofdstraat,Apeldoorn
7311BK,5,,Kapelstraat,Apeldoorn
7311LL,5,,Korenstraat,Apeldoorn
7311LR,24,,Marktplein,Apeldoorn
7311HZ,8,,Nieuwstraat,Apeldoorn
7311BR,103,,Nieuwstraat,Apeldoorn
7311AK,2,,Paslaan,Apeldoorn
7311ME,153,,Stationsstraat,Apeldoorn
7312AJ,2,,Herderweg,Apeldoorn
7331BG,149,,Arnhemseweg,Apeldoorn
7324AP,51,,Tweelingenlaan,Apeldoorn
7324AP,49,,Tweelingenlaan,Apeldoorn
7371ET,14,,Beekbergerweg,Loenen
7371ET,16,,Beekbergerweg,Loenen
7361CN,540,,Arnhemseweg,Beekbergen
7361CN,542,,Arnhemseweg,Beekbergen
7381AK,25,,Welvaartsdwarsweg,Klarenbeek
7317BN,49,,Plasweideweg,Apeldoorn
7317BN,51,,Plasweideweg,Apeldoorn
7317BN,55,,Plasweideweg,Apeldoorn
7333GZ,324,,1e Wormenseweg,Apeldoorn
7361DB,10,,Leerweg,Beekbergen
7361DB,20,,Leerweg,Beekbergen
7361DB,30,,Leerweg,Beekbergen
7361DB,34,,Leerweg,Beekbergen
7361DB,38,,Leerweg,Beekbergen
7361DB,42,,Leerweg,Beekbergen
7361DB,46,,Leerweg,Beekbergen
7325WZ,20,,IJsseldijk,Apeldoorn
7325WZ,22,,IJsseldijk,Apeldoorn
7325WC,18,,Ecofactorij,Apeldoorn
7327JZ,20,,Gladsaxe,Apeldoorn
7339ES,2,,Mettaweg,Ugchelen
7311JT,49,,Hoofdstraat,Apeldoorn
7335JV,8,,Christiaan Geurtsweg,Apeldoorn
7331BC,73,,Arnhemseweg,Apeldoorn
7317BC,69,,Prinsenweide,Apeldoorn
7316PA,51,,Marconistraat,Apeldoorn
7316PA,53,,Marconistraat,Apeldoorn
7316PA,55,,Marconistraat,Apeldoorn
7316PA,57,,Marconistraat,Apeldoorn
7316PA,59,,Marconistraat,Apeldoorn
7316PA,61,,Marconistraat,Apeldoorn
7316PA,63,,Marconistraat,Apeldoorn
7316PA,65,,Marconistraat,Apeldoorn
7316PA,67,,Marconistraat,Apeldoorn
7316PA,69,,Marconistraat,Apeldoorn
7316PA,71,,Marconistraat,Apeldoorn
7316PA,73,,Marconistraat,Apeldoorn
7316PA,75,,Marconistraat,Apeldoorn
7316PA,77,,Marconistraat,Apeldoorn
7316PA,79,,Marconistraat,Apeldoorn
7316PA,81,,Marconistraat,Apeldoorn
7316PA,83,,Marconistraat,Apeldoorn
7316PA,85,,Marconistraat,Apeldoorn
7316PA,87,,Marconistraat,Apeldoorn
7316PA,89,,Marconistraat,Apeldoorn
7316PA,91,,Marconistraat,Apeldoorn
7316PA,93,,Marconistraat,Apeldoorn
7316PA,95,,Marconistraat,Apeldoorn
7316PA,97,,Marconistraat,Apeldoorn
7316PA,99,,Marconistraat,Apeldoorn
7316PA,101,,Marconistraat,Apeldoorn
7316PA,103,,Marconistraat,Apeldoorn
7316PA,105,,Marconistraat,Apeldoorn
7316PA,107,,Marconistraat,Apeldoorn
7316PA,109,,Marconistraat,Apeldoorn
7316PA,111,,Marconistraat,Apeldoorn
7316PA,113,,Marconistraat,Apeldoorn
7316PA,115,,Marconistraat,Apeldoorn
7316PA,117,,Marconistraat,Apeldoorn
7316PA,119,,Marconistraat,Apeldoorn
7316PA,121,,Marconistraat,Apeldoorn
7316PA,123,,Marconistraat,Apeldoorn
7316PA,125,,Marconistraat,Apeldoorn
7316PA,127,,Marconistraat,Apeldoorn
7316PA,129,,Marconistraat,Apeldoorn
7316PA,131,,Marconistraat,Apeldoorn
7316PA,133,,Marconistraat,Apeldoorn
7316PA,135,,Marconistraat,Apeldoorn
7316PA,137,,Marconistraat,Apeldoorn
7316PA,139,,Marconistraat,Apeldoorn
7316PA,141,,Marconistraat,Apeldoorn
7316PA,143,,Marconistraat,Apeldoorn
7316PA,145,,Marconistraat,Apeldoorn
7316PA,147,,Marconistraat,Apeldoorn
7316PA,149,,Marconistraat,Apeldoorn
7316PA,151,,Marconistraat,Apeldoorn
7316PA,175,,Marconistraat,Apeldoorn
7316PA,177,,Marconistraat,Apeldoorn
7316PA,179,,Marconistraat,Apeldoorn
7316PA,181,,Marconistraat,Apeldoorn
7316PA,183,,Marconistraat,Apeldoorn
7316PA,185,,Marconistraat,Apeldoorn
7316PA,187,,Marconistraat,Apeldoorn
7316PB,201,,Marconistraat,Apeldoorn
7316PB,203,,Marconistraat,Apeldoorn
7316PB,251,,Marconistraat,Apeldoorn
7316PB,253,,Marconistraat,Apeldoorn
7316PB,255,,Marconistraat,Apeldoorn
7316PB,265,,Marconistraat,Apeldoorn
7316PB,275,,Marconistraat,Apeldoorn
7316PB,285,,Marconistraat,Apeldoorn
7316PB,235,,Marconistraat,Apeldoorn
7316PB,245,,Marconistraat,Apeldoorn
7316PB,211,,Marconistraat,Apeldoorn
7316PB,221,,Marconistraat,Apeldoorn
7316PA,161,,Marconistraat,Apeldoorn
7316PA,171,,Marconistraat,Apeldoorn
7316PB,287,,Marconistraat,Apeldoorn
7316PB,289,,Marconistraat,Apeldoorn
7316PB,291,,Marconistraat,Apeldoorn
7316PB,293,,Marconistraat,Apeldoorn
7316PB,295,,Marconistraat,Apeldoorn
7316PB,297,,Marconistraat,Apeldoorn
7316PC,110,,Anklaarseweg,Apeldoorn
7316PC,112,,Anklaarseweg,Apeldoorn
7316PC,114,,Anklaarseweg,Apeldoorn
7316PA,41,,Marconistraat,Apeldoorn
7316PA,45,,Marconistraat,Apeldoorn
3888NK,28,,Meervelderweg,Uddel
7371DE,3,,Dalenk,Loenen
7316CM,26,,Verzetsstrijderspark,Apeldoorn
7322RE,207,,Deventerstraat,Apeldoorn
7322RE,205,,Deventerstraat,Apeldoorn
7325AC,104,,Woudhuizermark,Apeldoorn
7313BH,31,,Genistalaan,Apeldoorn
7325RJ,23,,Houttuinen-Zuid,Apeldoorn
7325RJ,25,,Houttuinen-Zuid,Apeldoorn
7325DC,42,,Vosweide,Apeldoorn
7325DC,44,,Vosweide,Apeldoorn
7325DC,46,,Vosweide,Apeldoorn
7325DC,48,,Vosweide,Apeldoorn
7325DC,50,,Vosweide,Apeldoorn
7325DC,52,,Vosweide,Apeldoorn
7325DC,54,,Vosweide,Apeldoorn
7325DC,56,,Vosweide,Apeldoorn
7325DC,58,,Vosweide,Apeldoorn
7325DC,60,,Vosweide,Apeldoorn
7325DC,62,,Vosweide,Apeldoorn
7325DC,64,,Vosweide,Apeldoorn
7325DC,66,,Vosweide,Apeldoorn
7325DC,68,,Vosweide,Apeldoorn
7325DC,70,,Vosweide,Apeldoorn
7325DC,72,,Vosweide,Apeldoorn
7325DC,74,,Vosweide,Apeldoorn
7325DC,76,,Vosweide,Apeldoorn
7325DC,78,,Vosweide,Apeldoorn
7325DC,80,,Vosweide,Apeldoorn
7325DC,82,,Vosweide,Apeldoorn
7325DC,84,,Vosweide,Apeldoorn
7325DC,86,,Vosweide,Apeldoorn
7325DC,88,,Vosweide,Apeldoorn
7325DC,90,,Vosweide,Apeldoorn
7325DC,92,,Vosweide,Apeldoorn
7325DC,94,,Vosweide,Apeldoorn
7325DC,96,,Vosweide,Apeldoorn
7325DC,98,,Vosweide,Apeldoorn
7325DC,100,,Vosweide,Apeldoorn
7325DC,102,,Vosweide,Apeldoorn
7325DC,104,,Vosweide,Apeldoorn
7311EC,29,,Asselsestraat,Apeldoorn
7311BZ,83,,Beekpark,Apeldoorn
7311BD,172,,Hoofdstraat,Apeldoorn
7311LJ,11,,Marktplein,Apeldoorn
7311MD,143,,Stationsstraat,Apeldoorn
7311TJ,126,,Wilhelmina Druckerstraat,Apeldoorn
7311TJ,132,,Wilhelmina Druckerstraat,Apeldoorn
7311TJ,138,,Wilhelmina Druckerstraat,Apeldoorn
7311TJ,144,,Wilhelmina Druckerstraat,Apeldoorn
7311TJ,150,,Wilhelmina Druckerstraat,Apeldoorn
7311TJ,156,,Wilhelmina Druckerstraat,Apeldoorn
7311TJ,162,,Wilhelmina Druckerstraat,Apeldoorn
7311TJ,168,,Wilhelmina Druckerstraat,Apeldoorn
7311TJ,174,,Wilhelmina Druckerstraat,Apeldoorn
7311TJ,180,,Wilhelmina Druckerstraat,Apeldoorn
7371DD,30,,Imbosweg,Loenen
7331MZ,199,,1e Wormenseweg,Apeldoorn
7331MZ,201,,1e Wormenseweg,Apeldoorn
7332AN,109,,Kayersdijk,Apeldoorn
3888MN,94,,Uddelerveen,Uddel
7381AL,21,,Weterschoten,Klarenbeek
7381AL,19,,Weterschoten,Klarenbeek
7315GA,8,,Gazellestraat,Apeldoorn
7315DV,201,,Koninginnelaan,Apeldoorn
7333CW,30,,Schubertlaan,Apeldoorn
7311HL,22,,Mariastraat,Apeldoorn
7311JG,7,,Waterloseweg,Apeldoorn
7312AD,112,,Schotweg,Apeldoorn
7312AD,104,,Schotweg,Apeldoorn
7361GS,30,1,Hoge Bergweg,Beekbergen
7361GS,30,2,Hoge Bergweg,Beekbergen
7361GS,30,3,Hoge Bergweg,Beekbergen
7361GS,30,4,Hoge Bergweg,Beekbergen
7361GS,30,5,Hoge Bergweg,Beekbergen
7361GS,30,6,Hoge Bergweg,Beekbergen
7361GS,30,7,Hoge Bergweg,Beekbergen
7361GS,30,8,Hoge Bergweg,Beekbergen
7361GS,30,9,Hoge Bergweg,Beekbergen
7361GS,30,10,Hoge Bergweg,Beekbergen
7361GS,30,11,Hoge Bergweg,Beekbergen
7361GS,30,12,Hoge Bergweg,Beekbergen
7361GS,30,13,Hoge Bergweg,Beekbergen
7361GS,30,14,Hoge Bergweg,Beekbergen
7361GS,30,15,Hoge Bergweg,Beekbergen
7361GS,30,16,Hoge Bergweg,Beekbergen
7361GS,30,17,Hoge Bergweg,Beekbergen
7361GS,30,18,Hoge Bergweg,Beekbergen
7361GS,30,19,Hoge Bergweg,Beekbergen
7361GS,30,20,Hoge Bergweg,Beekbergen
7361GS,30,21,Hoge Bergweg,Beekbergen
7361GS,30,22,Hoge Bergweg,Beekbergen
7361GS,30,23,Hoge Bergweg,Beekbergen
7361GS,30,24,Hoge Bergweg,Beekbergen
7361GS,30,25,Hoge Bergweg,Beekbergen
7361GS,30,26,Hoge Bergweg,Beekbergen
7361GS,30,27,Hoge Bergweg,Beekbergen
7361GS,30,28,Hoge Bergweg,Beekbergen
7361GS,30,29,Hoge Bergweg,Beekbergen
7361GS,30,30,Hoge Bergweg,Beekbergen
7361GS,30,31,Hoge Bergweg,Beekbergen
7361GS,30,32,Hoge Bergweg,Beekbergen
7361GS,30,33,Hoge Bergweg,Beekbergen
7361GS,30,34,Hoge Bergweg,Beekbergen
7361GS,30,35,Hoge Bergweg,Beekbergen
7361GS,30,36,Hoge Bergweg,Beekbergen
7361GS,30,37,Hoge Bergweg,Beekbergen
7361GS,30,38,Hoge Bergweg,Beekbergen
7361GS,30,39,Hoge Bergweg,Beekbergen
7361GS,30,40,Hoge Bergweg,Beekbergen
7361GS,30,41,Hoge Bergweg,Beekbergen
7361GS,30,42,Hoge Bergweg,Beekbergen
7361GS,30,43,Hoge Bergweg,Beekbergen
7361GS,30,44,Hoge Bergweg,Beekbergen
7361GS,30,45,Hoge Bergweg,Beekbergen
7361GS,30,46,Hoge Bergweg,Beekbergen
7361GS,30,47,Hoge Bergweg,Beekbergen
7361GS,30,48,Hoge Bergweg,Beekbergen
7361GS,30,49,Hoge Bergweg,Beekbergen
7361GS,30,50,Hoge Bergweg,Beekbergen
7361GS,30,51,Hoge Bergweg,Beekbergen
7361GS,30,52,Hoge Bergweg,Beekbergen
7361GS,30,53,Hoge Bergweg,Beekbergen
7361GS,30,54,Hoge Bergweg,Beekbergen
7361GS,30,55,Hoge Bergweg,Beekbergen
7361GS,30,56,Hoge Bergweg,Beekbergen
7361GS,30,57,Hoge Bergweg,Beekbergen
7361GS,30,58,Hoge Bergweg,Beekbergen
7361GS,30,59,Hoge Bergweg,Beekbergen
7361GS,30,60,Hoge Bergweg,Beekbergen
7361GS,30,61,Hoge Bergweg,Beekbergen
7361GS,30,62,Hoge Bergweg,Beekbergen
7361GS,30,63,Hoge Bergweg,Beekbergen
7361GS,30,64,Hoge Bergweg,Beekbergen
7361GS,30,65,Hoge Bergweg,Beekbergen
7361GS,30,66,Hoge Bergweg,Beekbergen
7361GS,30,67,Hoge Bergweg,Beekbergen
7361GS,30,68,Hoge Bergweg,Beekbergen
7361GS,30,69,Hoge Bergweg,Beekbergen
7361GS,30,70,Hoge Bergweg,Beekbergen
7361GS,30,71,Hoge Bergweg,Beekbergen
7361GS,30,72,Hoge Bergweg,Beekbergen
7361GS,30,73,Hoge Bergweg,Beekbergen
7361GS,30,74,Hoge Bergweg,Beekbergen
7361GS,30,75,Hoge Bergweg,Beekbergen
7361GS,30,76,Hoge Bergweg,Beekbergen
7361GS,30,77,Hoge Bergweg,Beekbergen
7361GS,30,78,Hoge Bergweg,Beekbergen
7361GS,30,79,Hoge Bergweg,Beekbergen
7361GS,30,80,Hoge Bergweg,Beekbergen
7361GS,30,81,Hoge Bergweg,Beekbergen
7361GS,30,82,Hoge Bergweg,Beekbergen
7361GS,30,83,Hoge Bergweg,Beekbergen
7361GS,30,84,Hoge Bergweg,Beekbergen
7361GS,30,85,Hoge Bergweg,Beekbergen
7361GS,30,86,Hoge Bergweg,Beekbergen
7361GS,30,87,Hoge Bergweg,Beekbergen
7361GS,30,88,Hoge Bergweg,Beekbergen
7361GS,30,89,Hoge Bergweg,Beekbergen
7361GS,30,90,Hoge Bergweg,Beekbergen
7361GS,30,91,Hoge Bergweg,Beekbergen
7361GS,30,92,Hoge Bergweg,Beekbergen
7361GS,30,93,Hoge Bergweg,Beekbergen
7361GS,30,94,Hoge Bergweg,Beekbergen
7361GS,30,95,Hoge Bergweg,Beekbergen
7361GS,30,96,Hoge Bergweg,Beekbergen
7361GS,30,97,Hoge Bergweg,Beekbergen
7361GS,30,98,Hoge Bergweg,Beekbergen
7361GS,30,99,Hoge Bergweg,Beekbergen
7361GS,30,100,Hoge Bergweg,Beekbergen
7361GS,30,101,Hoge Bergweg,Beekbergen
7361GS,30,102,Hoge Bergweg,Beekbergen
7361GS,30,103,Hoge Bergweg,Beekbergen
7361GS,30,104,Hoge Bergweg,Beekbergen
7361GS,30,105,Hoge Bergweg,Beekbergen
7361GS,30,106,Hoge Bergweg,Beekbergen
7361GS,30,107,Hoge Bergweg,Beekbergen
7361GS,30,108,Hoge Bergweg,Beekbergen
7361GS,30,109,Hoge Bergweg,Beekbergen
7361GS,30,110,Hoge Bergweg,Beekbergen
7361GS,30,111,Hoge Bergweg,Beekbergen
7361GS,30,112,Hoge Bergweg,Beekbergen
7361GS,30,113,Hoge Bergweg,Beekbergen
7361GS,30,114,Hoge Bergweg,Beekbergen
7361GS,30,115,Hoge Bergweg,Beekbergen
7361GS,30,116,Hoge Bergweg,Beekbergen
7361GS,30,117,Hoge Bergweg,Beekbergen
7361GS,30,118,Hoge Bergweg,Beekbergen
7361GS,30,119,Hoge Bergweg,Beekbergen
7361GS,30,120,Hoge Bergweg,Beekbergen
7361GS,30,121,Hoge Bergweg,Beekbergen
7361GS,30,122,Hoge Bergweg,Beekbergen
7361GS,30,123,Hoge Bergweg,Beekbergen
7361GS,30,124,Hoge Bergweg,Beekbergen
7361GS,30,125,Hoge Bergweg,Beekbergen
7361GS,30,126,Hoge Bergweg,Beekbergen
7361GS,30,127,Hoge Bergweg,Beekbergen
7361GS,30,128,Hoge Bergweg,Beekbergen
7361GS,30,129,Hoge Bergweg,Beekbergen
7361GS,30,230,Hoge Bergweg,Beekbergen
7361GS,30,130,Hoge Bergweg,Beekbergen
7361GS,30,131,Hoge Bergweg,Beekbergen
7361GS,30,132,Hoge Bergweg,Beekbergen
7361GS,30,133,Hoge Bergweg,Beekbergen
7361GS,30,134,Hoge Bergweg,Beekbergen
7361GS,30,135,Hoge Bergweg,Beekbergen
7361GS,30,136,Hoge Bergweg,Beekbergen
7361GS,30,137,Hoge Bergweg,Beekbergen
7361GS,30,138,Hoge Bergweg,Beekbergen
7361GS,30,139,Hoge Bergweg,Beekbergen
7361GS,30,140,Hoge Bergweg,Beekbergen
7361GS,30,141,Hoge Bergweg,Beekbergen
7361GS,30,142,Hoge Bergweg,Beekbergen
7361GS,30,143,Hoge Bergweg,Beekbergen
7361GS,30,144,Hoge Bergweg,Beekbergen
7361GS,30,145,Hoge Bergweg,Beekbergen
7361GS,30,146,Hoge Bergweg,Beekbergen
7361GS,30,147,Hoge Bergweg,Beekbergen
7361GS,30,148,Hoge Bergweg,Beekbergen
7361GS,30,149,Hoge Bergweg,Beekbergen
7361GS,30,150,Hoge Bergweg,Beekbergen
7361GS,30,151,Hoge Bergweg,Beekbergen
7361GS,30,152,Hoge Bergweg,Beekbergen
7361GS,30,153,Hoge Bergweg,Beekbergen
7361GS,30,154,Hoge Bergweg,Beekbergen
7361GS,30,155,Hoge Bergweg,Beekbergen
7361GS,30,156,Hoge Bergweg,Beekbergen
7361GS,30,157,Hoge Bergweg,Beekbergen
7361GS,30,158,Hoge Bergweg,Beekbergen
7361GS,30,159,Hoge Bergweg,Beekbergen
7361GS,30,160,Hoge Bergweg,Beekbergen
7361GS,30,161,Hoge Bergweg,Beekbergen
7361GS,30,162,Hoge Bergweg,Beekbergen
7361GS,30,163,Hoge Bergweg,Beekbergen
7361GS,30,164,Hoge Bergweg,Beekbergen
7361GS,30,165,Hoge Bergweg,Beekbergen
7361GS,30,166,Hoge Bergweg,Beekbergen
7361GS,30,167,Hoge Bergweg,Beekbergen
7361GS,30,168,Hoge Bergweg,Beekbergen
7361GS,30,169,Hoge Bergweg,Beekbergen
7361GS,30,170,Hoge Bergweg,Beekbergen
7361GS,30,171,Hoge Bergweg,Beekbergen
7361GS,30,172,Hoge Bergweg,Beekbergen
7361GS,30,173,Hoge Bergweg,Beekbergen
7361GS,30,174,Hoge Bergweg,Beekbergen
7361GS,30,175,Hoge Bergweg,Beekbergen
7361GS,30,176,Hoge Bergweg,Beekbergen
7361GS,30,177,Hoge Bergweg,Beekbergen
7361GS,30,178,Hoge Bergweg,Beekbergen
7361GS,30,179,Hoge Bergweg,Beekbergen
7361GS,30,180,Hoge Bergweg,Beekbergen
7361GS,30,181,Hoge Bergweg,Beekbergen
7361GS,30,182,Hoge Bergweg,Beekbergen
7361GS,30,183,Hoge Bergweg,Beekbergen
7361GS,30,184,Hoge Bergweg,Beekbergen
7361GS,30,185,Hoge Bergweg,Beekbergen
7361GS,30,186,Hoge Bergweg,Beekbergen
7361GS,30,187,Hoge Bergweg,Beekbergen
7361GS,30,188,Hoge Bergweg,Beekbergen
7361GS,30,201,Hoge Bergweg,Beekbergen
7361GS,30,202,Hoge Bergweg,Beekbergen
7361GS,30,203,Hoge Bergweg,Beekbergen
7361GS,30,204,Hoge Bergweg,Beekbergen
7361GS,30,205,Hoge Bergweg,Beekbergen
7361GS,30,206,Hoge Bergweg,Beekbergen
7361GS,30,207,Hoge Bergweg,Beekbergen
7361GS,30,208,Hoge Bergweg,Beekbergen
7361GS,30,209,Hoge Bergweg,Beekbergen
7361GS,30,210,Hoge Bergweg,Beekbergen
7361GS,30,211,Hoge Bergweg,Beekbergen
7361GS,30,212,Hoge Bergweg,Beekbergen
7361GS,30,213,Hoge Bergweg,Beekbergen
7361GS,30,214,Hoge Bergweg,Beekbergen
7361GS,30,216,Hoge Bergweg,Beekbergen
7361GS,30,217,Hoge Bergweg,Beekbergen
7361GS,30,218,Hoge Bergweg,Beekbergen
7361GS,30,219,Hoge Bergweg,Beekbergen
7361GS,30,220,Hoge Bergweg,Beekbergen
7361GS,30,221,Hoge Bergweg,Beekbergen
7361GS,30,222,Hoge Bergweg,Beekbergen
7361GS,30,223,Hoge Bergweg,Beekbergen
7361GS,30,224,Hoge Bergweg,Beekbergen
7361GS,30,225,Hoge Bergweg,Beekbergen
7361GS,30,226,Hoge Bergweg,Beekbergen
7361GS,30,227,Hoge Bergweg,Beekbergen
7361GS,30,228,Hoge Bergweg,Beekbergen
7361GS,30,229,Hoge Bergweg,Beekbergen
7361GS,30,231,Hoge Bergweg,Beekbergen
7361GS,30,232,Hoge Bergweg,Beekbergen
7361GS,30,233,Hoge Bergweg,Beekbergen
7361GS,30,234,Hoge Bergweg,Beekbergen
7361GS,30,235,Hoge Bergweg,Beekbergen
7361GS,30,236,Hoge Bergweg,Beekbergen
7361GS,30,237,Hoge Bergweg,Beekbergen
7361GS,30,238,Hoge Bergweg,Beekbergen
7361GS,30,239,Hoge Bergweg,Beekbergen
7361GS,30,240,Hoge Bergweg,Beekbergen
7361GS,30,241,Hoge Bergweg,Beekbergen
7361GS,30,242,Hoge Bergweg,Beekbergen
7361GS,30,243,Hoge Bergweg,Beekbergen
7361GS,30,244,Hoge Bergweg,Beekbergen
7361GS,30,245,Hoge Bergweg,Beekbergen
7361GS,30,246,Hoge Bergweg,Beekbergen
7361GS,30,247,Hoge Bergweg,Beekbergen
7361GS,30,248,Hoge Bergweg,Beekbergen
7361GS,30,249,Hoge Bergweg,Beekbergen
7361GS,30,250,Hoge Bergweg,Beekbergen
7361GS,30,251,Hoge Bergweg,Beekbergen
7361GS,30,252,Hoge Bergweg,Beekbergen
7361GS,30,253,Hoge Bergweg,Beekbergen
7361GS,30,300,Hoge Bergweg,Beekbergen
7351BP,65,6,Miggelenbergweg,Hoenderloo
7351BP,65,7,Miggelenbergweg,Hoenderloo
7351BP,65,8,Miggelenbergweg,Hoenderloo
7351BP,65,9,Miggelenbergweg,Hoenderloo
7351BP,65,10,Miggelenbergweg,Hoenderloo
7351BP,65,11,Miggelenbergweg,Hoenderloo
7351BP,65,12,Miggelenbergweg,Hoenderloo
7351BP,65,13,Miggelenbergweg,Hoenderloo
7351BP,65,14,Miggelenbergweg,Hoenderloo
7351BP,65,15,Miggelenbergweg,Hoenderloo
7351BP,65,16,Miggelenbergweg,Hoenderloo
7351BP,65,17,Miggelenbergweg,Hoenderloo
7351BP,65,18,Miggelenbergweg,Hoenderloo
7351BP,65,19,Miggelenbergweg,Hoenderloo
7351BP,65,20,Miggelenbergweg,Hoenderloo
7351BP,65,21,Miggelenbergweg,Hoenderloo
7351BP,65,22,Miggelenbergweg,Hoenderloo
7351BP,65,23,Miggelenbergweg,Hoenderloo
7351BP,65,24,Miggelenbergweg,Hoenderloo
7351BP,65,25,Miggelenbergweg,Hoenderloo
7351BP,65,26,Miggelenbergweg,Hoenderloo
7351BP,65,27,Miggelenbergweg,Hoenderloo
7351BP,65,28,Miggelenbergweg,Hoenderloo
7351BP,65,29,Miggelenbergweg,Hoenderloo
7351BP,65,30,Miggelenbergweg,Hoenderloo
7351BP,65,31,Miggelenbergweg,Hoenderloo
7351BP,65,32,Miggelenbergweg,Hoenderloo
7351BP,65,33,Miggelenbergweg,Hoenderloo
7351BP,65,34,Miggelenbergweg,Hoenderloo
7351BP,65,35,Miggelenbergweg,Hoenderloo
7351BP,65,36,Miggelenbergweg,Hoenderloo
7351BP,65,37,Miggelenbergweg,Hoenderloo
7351BP,65,38,Miggelenbergweg,Hoenderloo
7351BP,65,39,Miggelenbergweg,Hoenderloo
7351BP,65,40,Miggelenbergweg,Hoenderloo
7351BP,65,41,Miggelenbergweg,Hoenderloo
7351BP,65,42,Miggelenbergweg,Hoenderloo
7351BP,65,43,Miggelenbergweg,Hoenderloo
7351BP,65,44,Miggelenbergweg,Hoenderloo
7351BP,65,45,Miggelenbergweg,Hoenderloo
7351BP,65,46,Miggelenbergweg,Hoenderloo
7351BP,65,47,Miggelenbergweg,Hoenderloo
7351BP,65,48,Miggelenbergweg,Hoenderloo
7351BP,65,49,Miggelenbergweg,Hoenderloo
7351BP,65,50,Miggelenbergweg,Hoenderloo
7351BP,65,51,Miggelenbergweg,Hoenderloo
7351BP,65,52,Miggelenbergweg,Hoenderloo
7351BP,65,53,Miggelenbergweg,Hoenderloo
7351BP,65,54,Miggelenbergweg,Hoenderloo
7351BP,65,55,Miggelenbergweg,Hoenderloo
7351BP,65,56,Miggelenbergweg,Hoenderloo
7351BP,65,57,Miggelenbergweg,Hoenderloo
7351BP,65,58,Miggelenbergweg,Hoenderloo
7351BP,65,59,Miggelenbergweg,Hoenderloo
7351BP,65,60,Miggelenbergweg,Hoenderloo
7351BP,65,61,Miggelenbergweg,Hoenderloo
7351BP,65,62,Miggelenbergweg,Hoenderloo
7351BP,65,63,Miggelenbergweg,Hoenderloo
7351BP,65,64,Miggelenbergweg,Hoenderloo
7351BP,65,65,Miggelenbergweg,Hoenderloo
7351BP,65,66,Miggelenbergweg,Hoenderloo
7351BP,65,67,Miggelenbergweg,Hoenderloo
7351BP,65,68,Miggelenbergweg,Hoenderloo
7351BP,65,69,Miggelenbergweg,Hoenderloo
7351BP,65,70,Miggelenbergweg,Hoenderloo
7351BP,65,71,Miggelenbergweg,Hoenderloo
7351BP,65,72,Miggelenbergweg,Hoenderloo
7351BP,65,73,Miggelenbergweg,Hoenderloo
7351BP,65,74,Miggelenbergweg,Hoenderloo
7351BP,65,102,Miggelenbergweg,Hoenderloo
7351BP,65,103,Miggelenbergweg,Hoenderloo
7351BP,65,104,Miggelenbergweg,Hoenderloo
7351BP,65,105,Miggelenbergweg,Hoenderloo
7351BP,65,106,Miggelenbergweg,Hoenderloo
7351BP,65,107,Miggelenbergweg,Hoenderloo
7351BP,65,108,Miggelenbergweg,Hoenderloo
7351BP,65,109,Miggelenbergweg,Hoenderloo
7351BP,65,110,Miggelenbergweg,Hoenderloo
7351BP,65,111,Miggelenbergweg,Hoenderloo
7351BP,65,112,Miggelenbergweg,Hoenderloo
7351BP,65,113,Miggelenbergweg,Hoenderloo
7351BP,65,114,Miggelenbergweg,Hoenderloo
7351BP,65,115,Miggelenbergweg,Hoenderloo
7351BP,65,116,Miggelenbergweg,Hoenderloo
7351BP,65,117,Miggelenbergweg,Hoenderloo
7351BP,65,118,Miggelenbergweg,Hoenderloo
7351BP,65,119,Miggelenbergweg,Hoenderloo
7351BP,65,120,Miggelenbergweg,Hoenderloo
7351BP,65,121,Miggelenbergweg,Hoenderloo
7351BP,65,122,Miggelenbergweg,Hoenderloo
7351BP,65,123,Miggelenbergweg,Hoenderloo
7351BP,65,124,Miggelenbergweg,Hoenderloo
7351BP,65,125,Miggelenbergweg,Hoenderloo
7351BP,65,126,Miggelenbergweg,Hoenderloo
7351BP,65,127,Miggelenbergweg,Hoenderloo
7351BP,65,128,Miggelenbergweg,Hoenderloo
7351BP,65,129,Miggelenbergweg,Hoenderloo
7351BP,65,130,Miggelenbergweg,Hoenderloo
7351BP,65,131,Miggelenbergweg,Hoenderloo
7351BP,65,132,Miggelenbergweg,Hoenderloo
7351BP,65,133,Miggelenbergweg,Hoenderloo
7351BP,65,134,Miggelenbergweg,Hoenderloo
7351BP,65,135,Miggelenbergweg,Hoenderloo
7351BP,65,136,Miggelenbergweg,Hoenderloo
7351BP,65,137,Miggelenbergweg,Hoenderloo
7351BP,65,138,Miggelenbergweg,Hoenderloo
7351BP,65,139,Miggelenbergweg,Hoenderloo
7351BP,65,140,Miggelenbergweg,Hoenderloo
7351BP,65,141,Miggelenbergweg,Hoenderloo
7351BP,65,142,Miggelenbergweg,Hoenderloo
7351BP,65,143,Miggelenbergweg,Hoenderloo
7351BP,65,144,Miggelenbergweg,Hoenderloo
7351BP,65,145,Miggelenbergweg,Hoenderloo
7351BP,65,146,Miggelenbergweg,Hoenderloo
7351BP,65,147,Miggelenbergweg,Hoenderloo
7351BP,65,148,Miggelenbergweg,Hoenderloo
7351BP,65,149,Miggelenbergweg,Hoenderloo
7351BP,65,150,Miggelenbergweg,Hoenderloo
7351BP,65,151,Miggelenbergweg,Hoenderloo
7351BP,65,152,Miggelenbergweg,Hoenderloo
7351BP,65,153,Miggelenbergweg,Hoenderloo
7351BP,65,154,Miggelenbergweg,Hoenderloo
7351BP,65,155,Miggelenbergweg,Hoenderloo
7351BP,65,156,Miggelenbergweg,Hoenderloo
7351BP,65,157,Miggelenbergweg,Hoenderloo
7351BP,65,158,Miggelenbergweg,Hoenderloo
7351BP,65,159,Miggelenbergweg,Hoenderloo
7351BP,65,160,Miggelenbergweg,Hoenderloo
7351BP,65,161,Miggelenbergweg,Hoenderloo
7351BP,65,162,Miggelenbergweg,Hoenderloo
7351BP,65,163,Miggelenbergweg,Hoenderloo
7351BP,65,164,Miggelenbergweg,Hoenderloo
7351BP,65,165,Miggelenbergweg,Hoenderloo
7351BP,65,166,Miggelenbergweg,Hoenderloo
7351BP,65,167,Miggelenbergweg,Hoenderloo
7351BP,65,170,Miggelenbergweg,Hoenderloo
7351BP,65,171,Miggelenbergweg,Hoenderloo
7351BP,65,172,Miggelenbergweg,Hoenderloo
7351BP,65,173,Miggelenbergweg,Hoenderloo
7351BP,65,174,Miggelenbergweg,Hoenderloo
7351BP,65,175,Miggelenbergweg,Hoenderloo
7351BP,65,176,Miggelenbergweg,Hoenderloo
7351BP,65,177,Miggelenbergweg,Hoenderloo
7351BP,65,178,Miggelenbergweg,Hoenderloo
7351BP,65,179,Miggelenbergweg,Hoenderloo
7351BP,65,180,Miggelenbergweg,Hoenderloo
7351BP,65,207,Miggelenbergweg,Hoenderloo
7351BP,65,194,Miggelenbergweg,Hoenderloo
7351BP,65,195,Miggelenbergweg,Hoenderloo
7351BP,65,196,Miggelenbergweg,Hoenderloo
7351BP,65,197,Miggelenbergweg,Hoenderloo
7351BP,65,198,Miggelenbergweg,Hoenderloo
7351BP,65,199,Miggelenbergweg,Hoenderloo
7351BP,65,200,Miggelenbergweg,Hoenderloo
7351BP,65,201,Miggelenbergweg,Hoenderloo
7351BP,65,202,Miggelenbergweg,Hoenderloo
7351BP,65,203,Miggelenbergweg,Hoenderloo
7351BP,65,204,Miggelenbergweg,Hoenderloo
7351BP,65,205,Miggelenbergweg,Hoenderloo
7351BP,65,208,Miggelenbergweg,Hoenderloo
7351BP,65,209,Miggelenbergweg,Hoenderloo
7351BP,65,210,Miggelenbergweg,Hoenderloo
7351BP,65,211,Miggelenbergweg,Hoenderloo
7351BP,65,212,Miggelenbergweg,Hoenderloo
7351BP,65,213,Miggelenbergweg,Hoenderloo
7351BP,65,214,Miggelenbergweg,Hoenderloo
7351BP,65,215,Miggelenbergweg,Hoenderloo
7351BP,65,216,Miggelenbergweg,Hoenderloo
7351BP,65,217,Miggelenbergweg,Hoenderloo
7351BP,65,218,Miggelenbergweg,Hoenderloo
7351BP,65,219,Miggelenbergweg,Hoenderloo
7351BP,65,220,Miggelenbergweg,Hoenderloo
7351BP,65,221,Miggelenbergweg,Hoenderloo
7351BP,65,222,Miggelenbergweg,Hoenderloo
7351BP,65,223,Miggelenbergweg,Hoenderloo
7351BP,65,242,Miggelenbergweg,Hoenderloo
7351BP,65,225,Miggelenbergweg,Hoenderloo
7351BP,65,224,Miggelenbergweg,Hoenderloo
7351BP,65,227,Miggelenbergweg,Hoenderloo
7351BP,65,226,Miggelenbergweg,Hoenderloo
7351BP,65,229,Miggelenbergweg,Hoenderloo
7351BP,65,228,Miggelenbergweg,Hoenderloo
7351BP,65,231,Miggelenbergweg,Hoenderloo
7351BP,65,232,Miggelenbergweg,Hoenderloo
7351BP,65,233,Miggelenbergweg,Hoenderloo
7351BP,65,234,Miggelenbergweg,Hoenderloo
7351BP,65,230,Miggelenbergweg,Hoenderloo
7351BP,65,235,Miggelenbergweg,Hoenderloo
7351BP,65,237,Miggelenbergweg,Hoenderloo
7351BP,65,238,Miggelenbergweg,Hoenderloo
7351BP,65,239,Miggelenbergweg,Hoenderloo
7351BP,65,240,Miggelenbergweg,Hoenderloo
7351BP,65,241,Miggelenbergweg,Hoenderloo
7351BP,65,258,Miggelenbergweg,Hoenderloo
7351BP,65,243,Miggelenbergweg,Hoenderloo
7351BP,65,244,Miggelenbergweg,Hoenderloo
7351BP,65,245,Miggelenbergweg,Hoenderloo
7351BP,65,246,Miggelenbergweg,Hoenderloo
7351BP,65,247,Miggelenbergweg,Hoenderloo
7351BP,65,248,Miggelenbergweg,Hoenderloo
7351BP,65,249,Miggelenbergweg,Hoenderloo
7351BP,65,250,Miggelenbergweg,Hoenderloo
7351BP,65,251,Miggelenbergweg,Hoenderloo
7351BP,65,252,Miggelenbergweg,Hoenderloo
7351BP,65,253,Miggelenbergweg,Hoenderloo
7351BP,65,254,Miggelenbergweg,Hoenderloo
7351BP,65,255,Miggelenbergweg,Hoenderloo
7351BP,65,256,Miggelenbergweg,Hoenderloo
7351BP,65,257,Miggelenbergweg,Hoenderloo
7351BP,65,259,Miggelenbergweg,Hoenderloo
7351BP,65,263,Miggelenbergweg,Hoenderloo
7351BP,65,264,Miggelenbergweg,Hoenderloo
7351BP,65,265,Miggelenbergweg,Hoenderloo
7351BP,65,266,Miggelenbergweg,Hoenderloo
7351BP,65,267,Miggelenbergweg,Hoenderloo
7351BP,65,268,Miggelenbergweg,Hoenderloo
7351BP,65,269,Miggelenbergweg,Hoenderloo
7351BP,65,270,Miggelenbergweg,Hoenderloo
7351BP,65,271,Miggelenbergweg,Hoenderloo
7351BP,65,272,Miggelenbergweg,Hoenderloo
7351BP,65,273,Miggelenbergweg,Hoenderloo
7351BP,65,274,Miggelenbergweg,Hoenderloo
7351BP,65,275,Miggelenbergweg,Hoenderloo
3888NR,21,2,Grevenhout,Uddel
3888NR,21,3,Grevenhout,Uddel
3888NR,21,4,Grevenhout,Uddel
3888NR,21,5,Grevenhout,Uddel
3888NR,21,6,Grevenhout,Uddel
3888NR,21,7,Grevenhout,Uddel
3888NR,21,8,Grevenhout,Uddel
3888NR,21,9,Grevenhout,Uddel
3888NR,21,10,Grevenhout,Uddel
3888NR,21,11,Grevenhout,Uddel
3888NR,21,12,Grevenhout,Uddel
3888NR,21,13,Grevenhout,Uddel
3888NR,21,14,Grevenhout,Uddel
3888NR,21,18,Grevenhout,Uddel
3888NR,21,19,Grevenhout,Uddel
3888NR,21,20,Grevenhout,Uddel
3888NR,21,21,Grevenhout,Uddel
3888NR,21,22,Grevenhout,Uddel
3888NR,21,23,Grevenhout,Uddel
3888NR,21,24,Grevenhout,Uddel
3888NR,21,25,Grevenhout,Uddel
3888NR,21,27,Grevenhout,Uddel
3888NR,21,28,Grevenhout,Uddel
3888NR,21,29,Grevenhout,Uddel
3888NR,21,30,Grevenhout,Uddel
3888NR,21,31,Grevenhout,Uddel
3888NR,21,32,Grevenhout,Uddel
3888NR,21,34,Grevenhout,Uddel
3888NR,21,35,Grevenhout,Uddel
3888NR,21,36,Grevenhout,Uddel
3888NR,21,37,Grevenhout,Uddel
3888NR,21,38,Grevenhout,Uddel
3888NR,21,39,Grevenhout,Uddel
3888NR,21,40,Grevenhout,Uddel
3888NR,21,41,Grevenhout,Uddel
3888NR,21,42,Grevenhout,Uddel
3888NR,21,43,Grevenhout,Uddel
3888NR,21,44,Grevenhout,Uddel
3888NR,21,45,Grevenhout,Uddel
3888NR,21,46,Grevenhout,Uddel
3888NR,21,47,Grevenhout,Uddel
3888NR,21,48,Grevenhout,Uddel
3888NR,21,49,Grevenhout,Uddel
3888NR,21,50,Grevenhout,Uddel
3888NR,21,51,Grevenhout,Uddel
3888NR,21,52,Grevenhout,Uddel
3888NR,21,53,Grevenhout,Uddel
3888NR,21,58,Grevenhout,Uddel
3888NR,21,59,Grevenhout,Uddel
3888NR,21,60,Grevenhout,Uddel
3888NR,21,61,Grevenhout,Uddel
3888NR,21,62,Grevenhout,Uddel
3888NR,21,63,Grevenhout,Uddel
3888NR,21,64,Grevenhout,Uddel
3888NR,21,65,Grevenhout,Uddel
3888NR,21,68,Grevenhout,Uddel
3888NR,21,69,Grevenhout,Uddel
3888NR,21,70,Grevenhout,Uddel
3888NR,21,71,Grevenhout,Uddel
3888NR,21,72,Grevenhout,Uddel
3888NR,21,73,Grevenhout,Uddel
3888NR,21,74,Grevenhout,Uddel
3888NR,21,75,Grevenhout,Uddel
3888NR,21,76,Grevenhout,Uddel
3888NR,21,77,Grevenhout,Uddel
3888NR,21,78,Grevenhout,Uddel
3888NR,21,79,Grevenhout,Uddel
3888NR,21,80,Grevenhout,Uddel
3888NR,21,81,Grevenhout,Uddel
3888NR,21,82,Grevenhout,Uddel
3888NR,21,83,Grevenhout,Uddel
3888NR,21,84,Grevenhout,Uddel
3888NR,21,85,Grevenhout,Uddel
3888NR,21,86,Grevenhout,Uddel
3888NR,21,100,Grevenhout,Uddel
3888NR,21,101,Grevenhout,Uddel
3888NR,21,102,Grevenhout,Uddel
3888NR,21,104,Grevenhout,Uddel
3888NR,21,105,Grevenhout,Uddel
3888NR,21,106,Grevenhout,Uddel
3888NR,21,107,Grevenhout,Uddel
3888NR,21,108,Grevenhout,Uddel
3888NR,21,109,Grevenhout,Uddel
3888NR,21,110,Grevenhout,Uddel
3888NR,21,111,Grevenhout,Uddel
3888NR,21,112,Grevenhout,Uddel
3888NR,21,113,Grevenhout,Uddel
3888NR,21,114,Grevenhout,Uddel
